%YAML:1.0
Mean_back: !!opencv-matrix
   rows: 1
   cols: 3200
   dt: f
   data: [ 2.25930050e-001, 1.69348508e-001, 8.22428539e-002,
       1.34593412e-001, 1.63717583e-001, 9.38412473e-002,
       7.83211440e-002, 1.49058223e-001, 1.91466153e-001,
       1.46151796e-001, 8.57074559e-002, 1.89778820e-001,
       2.31651649e-001, 1.20654114e-001, 1.01842061e-001,
       1.37713224e-001, 1.56318560e-001, 1.17936350e-001,
       7.22070560e-002, 1.64860621e-001, 1.86430842e-001,
       8.79763886e-002, 6.28839433e-002, 9.50113907e-002,
       1.14867106e-001, 8.93750787e-002, 7.08381459e-002,
       2.24512711e-001, 2.53957391e-001, 1.11274816e-001,
       7.68711641e-002, 8.49910676e-002, 1.07593648e-001,
       8.29784945e-002, 7.35314041e-002, 1.88301891e-001,
       2.38632247e-001, 1.22813560e-001, 9.45320725e-002,
       1.05220042e-001, 9.66744870e-002, 7.85502940e-002,
       9.73998457e-002, 2.70555854e-001, 3.07084352e-001,
       1.62458181e-001, 1.14379689e-001, 1.07963093e-001,
       5.49256466e-002, 4.61496823e-002, 5.94436377e-002,
       2.15052813e-001, 2.53137797e-001, 1.02092870e-001,
       6.33793995e-002, 5.87925985e-002, 5.08764870e-002,
       4.57223505e-002, 7.51449764e-002, 2.82177508e-001,
       3.15797597e-001, 1.30686238e-001, 7.48806000e-002,
       6.10310324e-002, 6.84540570e-002, 5.86299747e-002,
       8.51090550e-002, 2.44907275e-001, 2.49305174e-001,
       8.45000669e-002, 5.52301109e-002, 6.71802312e-002,
       5.70940375e-002, 5.78519478e-002, 8.83096084e-002,
       3.11309487e-001, 3.14503163e-001, 8.94312561e-002,
       5.49374335e-002, 5.58444299e-002, 7.78059512e-002,
       7.02989623e-002, 1.04169004e-001, 2.61870682e-001,
       2.61327654e-001, 9.45782512e-002, 6.30663037e-002,
       7.54555389e-002, 6.89936057e-002, 7.31513426e-002,
       1.10274971e-001, 3.20232451e-001, 3.21846962e-001,
       1.03438847e-001, 6.54525310e-002, 6.67164847e-002,
       3.03393379e-002, 3.12885083e-002, 5.60501255e-002,
       2.65400648e-001, 2.74963111e-001, 6.00099750e-002,
       3.24384943e-002, 3.07649951e-002, 2.79704798e-002,
       2.85272151e-002, 5.78025058e-002, 3.41822803e-001,
       3.47116828e-001, 6.55643120e-002, 3.07758618e-002,
       2.84557641e-002, 3.57085057e-002, 3.68809327e-002,
       6.71726167e-002, 2.74393797e-001, 2.79654711e-001,
       6.65743500e-002, 3.80834006e-002, 3.61905880e-002,
       3.92246060e-002, 4.23344374e-002, 7.89623410e-002,
       3.51004303e-001, 3.52624506e-001, 7.35929459e-002,
       3.88911329e-002, 3.72168235e-002, 9.10610631e-002,
       7.72753507e-002, 8.88617262e-002, 2.31742308e-001,
       2.45356724e-001, 9.46726426e-002, 6.30979985e-002,
       8.02098662e-002, 7.64987320e-002, 7.26187229e-002,
       9.09819677e-002, 3.02094728e-001, 3.14217538e-001,
       1.12832323e-001, 7.41179511e-002, 7.21428096e-002,
       7.53395632e-002, 6.41674995e-002, 8.69040787e-002,
       2.39864305e-001, 2.49479935e-001, 9.01654139e-002,
       5.93195595e-002, 7.20732585e-002, 6.43083602e-002,
       6.33782670e-002, 8.78861025e-002, 3.05932730e-001,
       3.13366681e-001, 1.00805879e-001, 6.53494969e-002,
       6.32386804e-002, 3.88371982e-002, 3.76598686e-002,
       6.15590885e-002, 2.59259194e-001, 2.81070799e-001,
       7.75636807e-002, 4.64940257e-002, 4.20981832e-002,
       3.94602604e-002, 3.82629745e-002, 6.96309656e-002,
       3.30342501e-001, 3.48212928e-001, 1.02928378e-001,
       5.20929471e-002, 4.31489982e-002, 3.29518355e-002,
       3.37872952e-002, 5.84061034e-002, 2.64661431e-001,
       2.77597368e-001, 6.53747544e-002, 3.67905945e-002,
       3.46855931e-002, 3.15008834e-002, 3.20311561e-002,
       6.15246780e-002, 3.34957451e-001, 3.46649706e-001,
       7.70503432e-002, 3.66557054e-002, 3.29982378e-002,
       6.64747208e-002, 5.98211586e-002, 9.25971121e-002,
       2.53391385e-001, 2.52819985e-001, 8.84506702e-002,
       5.75460084e-002, 6.56236634e-002, 6.35618567e-002,
       6.77000284e-002, 1.06870048e-001, 3.13833207e-001,
       3.14542264e-001, 1.03011921e-001, 6.47053421e-002,
       6.24572709e-002, 6.93312064e-002, 6.00586198e-002,
       9.15088728e-002, 2.57723182e-001, 2.60628730e-001,
       9.77565870e-002, 6.38252497e-002, 7.03901574e-002,
       6.65385947e-002, 6.86072186e-002, 1.07282810e-001,
       3.16073567e-001, 3.16932529e-001, 1.13267131e-001,
       7.16563985e-002, 6.76646456e-002, 3.41591090e-002,
       3.63046192e-002, 6.62227571e-002, 2.50135034e-001,
       2.51312762e-001, 6.39127642e-002, 3.75045165e-002,
       3.46148536e-002, 5.18371649e-002, 6.18245751e-002,
       1.10868633e-001, 3.37857008e-001, 3.38128686e-001,
       9.49740857e-002, 5.38662970e-002, 4.89604548e-002,
       3.65730785e-002, 3.99393067e-002, 6.95613176e-002,
       2.58072644e-001, 2.57960528e-001, 6.77932799e-002,
       3.87011319e-002, 3.63223292e-002, 5.34657352e-002,
       6.00915626e-002, 1.06583193e-001, 3.39731932e-001,
       3.40217203e-001, 1.14617348e-001, 6.46097437e-002,
       5.55009097e-002, 6.84540570e-002, 5.86299747e-002,
       8.51090550e-002, 2.44907275e-001, 2.49305174e-001,
       8.45000669e-002, 5.52301109e-002, 6.71802312e-002,
       5.70940375e-002, 5.78519478e-002, 8.83096084e-002,
       3.11309487e-001, 3.14503163e-001, 8.94312561e-002,
       5.49374335e-002, 5.58444299e-002, 7.78059512e-002,
       7.02989623e-002, 1.04169004e-001, 2.61870682e-001,
       2.61327654e-001, 9.45782512e-002, 6.30663037e-002,
       7.54555389e-002, 6.89936057e-002, 7.31513426e-002,
       1.10274971e-001, 3.20232451e-001, 3.21846962e-001,
       1.03438847e-001, 6.54525310e-002, 6.67164847e-002,
       3.03393379e-002, 3.12885083e-002, 5.60501255e-002,
       2.65400648e-001, 2.74963111e-001, 6.00099750e-002,
       3.24384943e-002, 3.07649951e-002, 2.79704798e-002,
       2.85272151e-002, 5.78025058e-002, 3.41822803e-001,
       3.47116828e-001, 6.55643120e-002, 3.07758618e-002,
       2.84557641e-002, 3.57085057e-002, 3.68809327e-002,
       6.71726167e-002, 2.74393797e-001, 2.79654711e-001,
       6.65743500e-002, 3.80834006e-002, 3.61905880e-002,
       3.92246060e-002, 4.23344374e-002, 7.89623410e-002,
       3.51004303e-001, 3.52624506e-001, 7.35929459e-002,
       3.88911329e-002, 3.72168235e-002, 7.11685419e-002,
       5.86382076e-002, 8.70539770e-002, 2.54902214e-001,
       2.58619905e-001, 9.87708345e-002, 6.70543984e-002,
       7.36962110e-002, 6.43852651e-002, 6.21162169e-002,
       9.71345082e-002, 3.18452656e-001, 3.16727966e-001,
       1.06697030e-001, 7.00508505e-002, 6.66345432e-002,
       7.13700280e-002, 5.93604892e-002, 8.89349878e-002,
       2.53980815e-001, 2.53410935e-001, 9.29520726e-002,
       6.37782589e-002, 7.23362863e-002, 5.92134297e-002,
       5.86835481e-002, 9.45708454e-002, 3.16574991e-001,
       3.14417928e-001, 9.83327851e-002, 6.38592094e-002,
       6.07492551e-002, 3.53088118e-002, 3.68066393e-002,
       6.40885159e-002, 2.75436014e-001, 2.70637065e-001,
       6.21142723e-002, 3.52846645e-002, 3.51379327e-002,
       3.79912890e-002, 3.84873003e-002, 7.11420253e-002,
       3.49900752e-001, 3.48686069e-001, 7.62736872e-002,
       4.19182926e-002, 3.96296307e-002, 3.26390341e-002,
       3.39132622e-002, 6.26814440e-002, 2.80092150e-001,
       2.73347020e-001, 5.88990115e-002, 3.32146958e-002,
       3.25568020e-002, 2.99212765e-002, 3.22129987e-002,
       6.80505782e-002, 3.47314626e-001, 3.43642592e-001,
       6.15081936e-002, 3.05243339e-002, 2.93663014e-002,
       6.64747208e-002, 5.98211586e-002, 9.25971121e-002,
       2.53391385e-001, 2.52819985e-001, 8.84506702e-002,
       5.75460084e-002, 6.56236634e-002, 6.35618567e-002,
       6.77000284e-002, 1.06870048e-001, 3.13833207e-001,
       3.14542264e-001, 1.03011921e-001, 6.47053421e-002,
       6.24572709e-002, 6.93312064e-002, 6.00586198e-002,
       9.15088728e-002, 2.57723182e-001, 2.60628730e-001,
       9.77565870e-002, 6.38252497e-002, 7.03901574e-002,
       6.65385947e-002, 6.86072186e-002, 1.07282810e-001,
       3.16073567e-001, 3.16932529e-001, 1.13267131e-001,
       7.16563985e-002, 6.76646456e-002, 3.41591090e-002,
       3.63046192e-002, 6.62227571e-002, 2.50135034e-001,
       2.51312762e-001, 6.39127642e-002, 3.75045165e-002,
       3.46148536e-002, 5.18371649e-002, 6.18245751e-002,
       1.10868633e-001, 3.37857008e-001, 3.38128686e-001,
       9.49740857e-002, 5.38662970e-002, 4.89604548e-002,
       3.65730785e-002, 3.99393067e-002, 6.95613176e-002,
       2.58072644e-001, 2.57960528e-001, 6.77932799e-002,
       3.87011319e-002, 3.63223292e-002, 5.34657352e-002,
       6.00915626e-002, 1.06583193e-001, 3.39731932e-001,
       3.40217203e-001, 1.14617348e-001, 6.46097437e-002,
       5.55009097e-002, 6.96133673e-002, 5.78098334e-002,
       8.64037126e-002, 2.43071243e-001, 2.35461578e-001,
       8.41409266e-002, 6.11969158e-002, 7.13319480e-002,
       5.93659319e-002, 6.04540780e-002, 9.42400917e-002,
       3.09279084e-001, 3.01530659e-001, 8.73912051e-002,
       6.20166585e-002, 6.09318838e-002, 8.51664841e-002,
       6.89864606e-002, 1.00882344e-001, 2.48282492e-001,
       2.37446755e-001, 9.40431803e-002, 7.93892667e-002,
       9.28119794e-002, 7.61383846e-002, 7.72107542e-002,
       1.15980104e-001, 3.15855026e-001, 3.04721832e-001,
       9.90778282e-002, 7.73626268e-002, 7.91975260e-002,
       3.39110084e-002, 3.55960503e-002, 6.24245964e-002,
       2.70300239e-001, 2.60068744e-001, 5.70347272e-002,
       3.26614678e-002, 3.24082077e-002, 3.05139348e-002,
       3.28749083e-002, 6.94147795e-002, 3.41764241e-001,
       3.31147969e-001, 5.93791716e-002, 3.02325804e-002,
       2.97951885e-002, 4.55962531e-002, 4.98584285e-002,
       8.24747086e-002, 2.85394400e-001, 2.69867361e-001,
       6.87522739e-002, 4.16141935e-002, 4.20035943e-002,
       4.52883467e-002, 5.34525998e-002, 1.03149451e-001,
       3.47853869e-001, 3.33296716e-001, 7.32558891e-002,
       3.99316251e-002, 4.06483375e-002, 7.11685419e-002,
       5.86382076e-002, 8.70539770e-002, 2.54902214e-001,
       2.58619905e-001, 9.87708345e-002, 6.70543984e-002,
       7.36962110e-002, 6.43852651e-002, 6.21162169e-002,
       9.71345082e-002, 3.18452656e-001, 3.16727966e-001,
       1.06697030e-001, 7.00508505e-002, 6.66345432e-002,
       7.13700280e-002, 5.93604892e-002, 8.89349878e-002,
       2.53980815e-001, 2.53410935e-001, 9.29520726e-002,
       6.37782589e-002, 7.23362863e-002, 5.92134297e-002,
       5.86835481e-002, 9.45708454e-002, 3.16574991e-001,
       3.14417928e-001, 9.83327851e-002, 6.38592094e-002,
       6.07492551e-002, 3.53088118e-002, 3.68066393e-002,
       6.40885159e-002, 2.75436014e-001, 2.70637065e-001,
       6.21142723e-002, 3.52846645e-002, 3.51379327e-002,
       3.79912890e-002, 3.84873003e-002, 7.11420253e-002,
       3.49900752e-001, 3.48686069e-001, 7.62736872e-002,
       4.19182926e-002, 3.96296307e-002, 3.26390341e-002,
       3.39132622e-002, 6.26814440e-002, 2.80092150e-001,
       2.73347020e-001, 5.88990115e-002, 3.32146958e-002,
       3.25568020e-002, 2.99212765e-002, 3.22129987e-002,
       6.80505782e-002, 3.47314626e-001, 3.43642592e-001,
       6.15081936e-002, 3.05243339e-002, 2.93663014e-002,
       8.80471468e-002, 6.06859215e-002, 8.38081166e-002,
       1.85850501e-001, 1.66369498e-001, 7.09801316e-002,
       1.04418300e-001, 1.37782678e-001, 7.96448961e-002,
       7.37640485e-002, 1.04197241e-001, 2.55116880e-001,
       2.27279648e-001, 7.16178343e-002, 8.30581710e-002,
       1.02980830e-001, 1.53321266e-001, 8.42749029e-002,
       9.90810841e-002, 1.72580242e-001, 1.47869781e-001,
       8.65055546e-002, 1.60271958e-001, 2.18113095e-001,
       1.41946077e-001, 1.06916979e-001, 1.26781717e-001,
       2.42087796e-001, 2.06779033e-001, 9.04672965e-002,
       1.40319228e-001, 1.86008140e-001, 5.32037094e-002,
       5.98973371e-002, 9.62069333e-002, 2.48990238e-001,
       2.14207426e-001, 5.89744002e-002, 4.30716202e-002,
       4.86247651e-002, 5.33345304e-002, 6.82335570e-002,
       1.20922230e-001, 3.14967841e-001, 2.82010317e-001,
       6.97591975e-002, 4.12541889e-002, 4.39762697e-002,
       1.04766659e-001, 1.00101985e-001, 1.29800588e-001,
       2.46988535e-001, 2.03179225e-001, 7.72745609e-002,
       7.87745118e-002, 1.01872452e-001, 1.05567783e-001,
       1.17455438e-001, 1.67873308e-001, 3.15477133e-001,
       2.80722052e-001, 1.01356730e-001, 7.63686150e-002,
       9.12523717e-002, 1.66164950e-001, 1.27098918e-001,
       8.66385549e-002, 2.03589603e-001, 2.51568109e-001,
       1.23159319e-001, 1.00295343e-001, 1.30450070e-001,
       1.29666060e-001, 1.02073550e-001, 8.27557594e-002,
       1.90229461e-001, 2.38351956e-001, 1.31939620e-001,
       1.02512896e-001, 1.19212836e-001, 9.57356244e-002,
       7.64809921e-002, 6.91416785e-002, 2.37103820e-001,
       2.66977012e-001, 1.10538259e-001, 7.38393739e-002,
       7.79410079e-002, 6.79232553e-002, 5.67176230e-002,
       6.68616891e-002, 2.20529079e-001, 2.61137515e-001,
       1.11262202e-001, 7.05268681e-002, 6.76195174e-002,
       6.77916706e-002, 5.46936728e-002, 7.43179992e-002,
       2.40351602e-001, 2.84435660e-001, 1.35857627e-001,
       9.18773338e-002, 8.22723061e-002, 7.61619136e-002,
       6.08597286e-002, 8.44403803e-002, 2.54347354e-001,
       3.01575243e-001, 1.69974014e-001, 1.19917847e-001,
       1.05247378e-001, 4.05361466e-002, 3.68897542e-002,
       6.11319579e-002, 2.60142982e-001, 2.93277204e-001,
       1.18225649e-001, 6.75416738e-002, 5.11829667e-002,
       5.35955876e-002, 5.03703803e-002, 8.13339427e-002,
       2.75277734e-001, 3.06712270e-001, 1.58564493e-001,
       9.39919204e-002, 7.13463053e-002, 4.20992784e-002,
       4.32502292e-002, 7.03803003e-002, 3.03663075e-001,
       3.07596207e-001, 7.37634301e-002, 4.20013592e-002,
       4.15059663e-002, 3.88260372e-002, 4.01028059e-002,
       6.86749592e-002, 2.81847924e-001, 2.89276183e-001,
       7.23429844e-002, 4.06838059e-002, 3.90765406e-002,
       5.29864170e-002, 5.54851182e-002, 8.87819901e-002,
       3.11931759e-001, 3.12635481e-001, 8.71738940e-002,
       5.27419522e-002, 5.21916710e-002, 4.50998358e-002,
       4.68064174e-002, 8.24545398e-002, 2.92151421e-001,
       2.98074096e-001, 8.02990645e-002, 4.72696573e-002,
       4.55897413e-002, 1.49540026e-002, 1.52259646e-002,
       3.28630358e-002, 2.87272722e-001, 2.98067123e-001,
       3.81204933e-002, 1.66166481e-002, 1.52496612e-002,
       1.66641269e-002, 1.74826626e-002, 3.99487689e-002,
       3.53238374e-001, 3.58264476e-001, 4.70728986e-002,
       1.83580387e-002, 1.67316869e-002, 2.42740288e-002,
       2.55579986e-002, 4.74205501e-002, 2.98091739e-001,
       3.03166866e-001, 4.52145226e-002, 2.39892602e-002,
       2.31368393e-002, 3.36454026e-002, 3.25587019e-002,
       5.62874936e-002, 3.59728307e-001, 3.61908138e-001,
       6.11096546e-002, 3.51151638e-002, 3.50553840e-002,
       5.61313927e-002, 5.43094091e-002, 7.35217109e-002,
       2.90495038e-001, 3.06211412e-001, 9.30471420e-002,
       5.98357655e-002, 5.54792024e-002, 5.10466918e-002,
       4.87185568e-002, 7.38528669e-002, 2.73819268e-001,
       2.92323500e-001, 9.46262851e-002, 5.85619621e-002,
       5.39763868e-002, 4.70259339e-002, 4.74045202e-002,
       6.96201846e-002, 2.94078737e-001, 3.02132666e-001,
       8.10275897e-002, 5.00758179e-002, 4.64646071e-002,
       4.31087278e-002, 4.40224521e-002, 7.03662187e-002,
       2.79085219e-001, 2.91930020e-001, 7.96267539e-002,
       4.80689481e-002, 4.51206118e-002, 2.67208107e-002,
       2.55354717e-002, 4.65801544e-002, 2.80164599e-001,
       3.05461615e-001, 7.82550648e-002, 3.79017889e-002,
       2.97641363e-002, 4.81445305e-002, 4.91702296e-002,
       8.21979269e-002, 3.21814597e-001, 3.38275254e-001,
       1.21660084e-001, 6.41781315e-002, 5.35052940e-002,
       2.01868154e-002, 2.00206395e-002, 3.95683385e-002,
       2.87074029e-001, 3.02111864e-001, 5.43982908e-002,
       2.49371994e-002, 2.16163751e-002, 3.48211750e-002,
       3.76415588e-002, 7.02638701e-002, 3.31736922e-001,
       3.43224347e-001, 8.44615474e-002, 4.20410112e-002,
       3.65051217e-002, 4.89377230e-002, 5.28655648e-002,
       8.66207108e-002, 3.05666059e-001, 3.04697394e-001,
       8.50363448e-002, 5.20908982e-002, 4.85582165e-002,
       4.26654816e-002, 4.57272753e-002, 8.28090534e-002,
       2.79357582e-001, 2.81015933e-001, 7.73147494e-002,
       4.54533286e-002, 4.26366404e-002, 5.22010885e-002,
       5.63516468e-002, 9.04935449e-002, 3.09375197e-001,
       3.10946137e-001, 9.07004699e-002, 5.52895144e-002,
       5.22812307e-002, 4.50942516e-002, 4.88173850e-002,
       8.55282098e-002, 2.86618441e-001, 2.85579205e-001,
       8.46064538e-002, 4.84170765e-002, 4.51931246e-002,
       4.31582183e-002, 4.95804809e-002, 7.98372701e-002,
       2.78756112e-001, 2.77011454e-001, 6.91736937e-002,
       4.50653359e-002, 4.16570529e-002, 7.05461875e-002,
       7.61198774e-002, 1.09284036e-001, 3.15970272e-001,
       3.15834075e-001, 1.04275599e-001, 7.60578886e-002,
       7.16698468e-002, 4.59255613e-002, 5.11192828e-002,
       7.96722993e-002, 2.82810122e-001, 2.84418136e-001,
       8.16418305e-002, 5.17691299e-002, 4.64739837e-002,
       7.82057792e-002, 8.71430337e-002, 1.21083900e-001,
       3.18031996e-001, 3.16932321e-001, 1.08729422e-001,
       7.75673240e-002, 7.47949705e-002, 4.20992784e-002,
       4.32502292e-002, 7.03803003e-002, 3.03663075e-001,
       3.07596207e-001, 7.37634301e-002, 4.20013592e-002,
       4.15059663e-002, 3.88260372e-002, 4.01028059e-002,
       6.86749592e-002, 2.81847924e-001, 2.89276183e-001,
       7.23429844e-002, 4.06838059e-002, 3.90765406e-002,
       5.29864170e-002, 5.54851182e-002, 8.87819901e-002,
       3.11931759e-001, 3.12635481e-001, 8.71738940e-002,
       5.27419522e-002, 5.21916710e-002, 4.50998358e-002,
       4.68064174e-002, 8.24545398e-002, 2.92151421e-001,
       2.98074096e-001, 8.02990645e-002, 4.72696573e-002,
       4.55897413e-002, 1.49540026e-002, 1.52259646e-002,
       3.28630358e-002, 2.87272722e-001, 2.98067123e-001,
       3.81204933e-002, 1.66166481e-002, 1.52496612e-002,
       1.66641269e-002, 1.74826626e-002, 3.99487689e-002,
       3.53238374e-001, 3.58264476e-001, 4.70728986e-002,
       1.83580387e-002, 1.67316869e-002, 2.42740288e-002,
       2.55579986e-002, 4.74205501e-002, 2.98091739e-001,
       3.03166866e-001, 4.52145226e-002, 2.39892602e-002,
       2.31368393e-002, 3.36454026e-002, 3.25587019e-002,
       5.62874936e-002, 3.59728307e-001, 3.61908138e-001,
       6.11096546e-002, 3.51151638e-002, 3.50553840e-002,
       4.99328896e-002, 5.03179021e-002, 8.23798105e-002,
       3.09790939e-001, 3.10266614e-001, 8.29876140e-002,
       5.13694920e-002, 5.04499115e-002, 4.25539874e-002,
       4.38956544e-002, 7.54528493e-002, 2.94080406e-001,
       2.89798886e-001, 7.38199428e-002, 4.24906388e-002,
       4.20567021e-002, 4.29185964e-002, 4.37813774e-002,
       7.79146180e-002, 3.11803430e-001, 3.09270233e-001,
       7.65233114e-002, 4.63240035e-002, 4.39958461e-002,
       3.98425907e-002, 4.12401892e-002, 7.42344856e-002,
       2.94285625e-001, 2.88887560e-001, 6.97660148e-002,
       4.09593321e-002, 3.98564935e-002, 2.46679056e-002,
       2.49202680e-002, 4.45810370e-002, 2.97088832e-001,
       2.92498022e-001, 4.68769409e-002, 2.65380740e-002,
       2.52712090e-002, 3.79417911e-002, 3.87200974e-002,
       6.37162104e-002, 3.58058661e-001, 3.55722785e-001,
       5.71004227e-002, 3.43395211e-002, 3.53927091e-002,
       1.59777422e-002, 1.75731406e-002, 3.99943367e-002,
       3.00110042e-001, 2.91290313e-001, 3.53729278e-002,
       1.68429930e-002, 1.57465804e-002, 1.97253525e-002,
       2.20736861e-002, 5.35972752e-002, 3.57152045e-001,
       3.53479117e-001, 4.69793864e-002, 2.19268855e-002,
       1.96864009e-002, 4.89377230e-002, 5.28655648e-002,
       8.66207108e-002, 3.05666059e-001, 3.04697394e-001,
       8.50363448e-002, 5.20908982e-002, 4.85582165e-002,
       4.26654816e-002, 4.57272753e-002, 8.28090534e-002,
       2.79357582e-001, 2.81015933e-001, 7.73147494e-002,
       4.54533286e-002, 4.26366404e-002, 5.22010885e-002,
       5.63516468e-002, 9.04935449e-002, 3.09375197e-001,
       3.10946137e-001, 9.07004699e-002, 5.52895144e-002,
       5.22812307e-002, 4.50942516e-002, 4.88173850e-002,
       8.55282098e-002, 2.86618441e-001, 2.85579205e-001,
       8.46064538e-002, 4.84170765e-002, 4.51931246e-002,
       4.31582183e-002, 4.95804809e-002, 7.98372701e-002,
       2.78756112e-001, 2.77011454e-001, 6.91736937e-002,
       4.50653359e-002, 4.16570529e-002, 7.05461875e-002,
       7.61198774e-002, 1.09284036e-001, 3.15970272e-001,
       3.15834075e-001, 1.04275599e-001, 7.60578886e-002,
       7.16698468e-002, 4.59255613e-002, 5.11192828e-002,
       7.96722993e-002, 2.82810122e-001, 2.84418136e-001,
       8.16418305e-002, 5.17691299e-002, 4.64739837e-002,
       7.82057792e-002, 8.71430337e-002, 1.21083900e-001,
       3.18031996e-001, 3.16932321e-001, 1.08729422e-001,
       7.75673240e-002, 7.47949705e-002, 4.26353402e-002,
       4.55263853e-002, 7.48555958e-002, 2.98747599e-001,
       2.92060345e-001, 6.80504665e-002, 4.56176698e-002,
       4.35701795e-002, 4.21124883e-002, 4.47647311e-002,
       7.44020566e-002, 2.84985960e-001, 2.74427503e-001,
       6.76807314e-002, 4.17479612e-002, 4.07055318e-002,
       5.73491156e-002, 6.17517121e-002, 9.56718698e-002,
       3.07539612e-001, 2.95585185e-001, 7.97512755e-002,
       5.73989898e-002, 5.75186238e-002, 5.72572164e-002,
       6.12136759e-002, 9.73327830e-002, 2.96060205e-001,
       2.82735199e-001, 8.12637731e-002, 5.30110709e-002,
       5.34179918e-002, 1.95951164e-002, 2.19488852e-002,
       4.92050387e-002, 2.95505315e-001, 2.83628136e-001,
       3.77793200e-002, 1.85522977e-002, 1.87034346e-002,
       3.16770524e-002, 3.76247130e-002, 7.82745183e-002,
       3.40542227e-001, 3.29950601e-001, 6.77019134e-002,
       3.47609185e-002, 3.08114551e-002, 3.12228240e-002,
       3.89489271e-002, 7.99445361e-002, 3.06545585e-001,
       2.87566513e-001, 4.92136516e-002, 2.65834779e-002,
       2.75930036e-002, 5.22786193e-002, 6.44073039e-002,
       1.23026073e-001, 3.41880083e-001, 3.28914255e-001,
       8.44773129e-002, 4.94849570e-002, 4.70687635e-002,
       4.99328896e-002, 5.03179021e-002, 8.23798105e-002,
       3.09790939e-001, 3.10266614e-001, 8.29876140e-002,
       5.13694920e-002, 5.04499115e-002, 4.25539874e-002,
       4.38956544e-002, 7.54528493e-002, 2.94080406e-001,
       2.89798886e-001, 7.38199428e-002, 4.24906388e-002,
       4.20567021e-002, 4.29185964e-002, 4.37813774e-002,
       7.79146180e-002, 3.11803430e-001, 3.09270233e-001,
       7.65233114e-002, 4.63240035e-002, 4.39958461e-002,
       3.98425907e-002, 4.12401892e-002, 7.42344856e-002,
       2.94285625e-001, 2.88887560e-001, 6.97660148e-002,
       4.09593321e-002, 3.98564935e-002, 2.46679056e-002,
       2.49202680e-002, 4.45810370e-002, 2.97088832e-001,
       2.92498022e-001, 4.68769409e-002, 2.65380740e-002,
       2.52712090e-002, 3.79417911e-002, 3.87200974e-002,
       6.37162104e-002, 3.58058661e-001, 3.55722785e-001,
       5.71004227e-002, 3.43395211e-002, 3.53927091e-002,
       1.59777422e-002, 1.75731406e-002, 3.99943367e-002,
       3.00110042e-001, 2.91290313e-001, 3.53729278e-002,
       1.68429930e-002, 1.57465804e-002, 1.97253525e-002,
       2.20736861e-002, 5.35972752e-002, 3.57152045e-001,
       3.53479117e-001, 4.69793864e-002, 2.19268855e-002,
       1.96864009e-002, 7.00142309e-002, 6.77788034e-002,
       9.99259055e-002, 2.63438344e-001, 2.37801909e-001,
       6.73586056e-002, 6.94869980e-002, 8.31539780e-002,
       6.19509555e-002, 6.60967082e-002, 1.03704892e-001,
       2.58619070e-001, 2.21522436e-001, 6.55266941e-002,
       5.23719452e-002, 6.04456216e-002, 1.28981635e-001,
       1.02396272e-001, 1.26214489e-001, 2.58292466e-001,
       2.17971623e-001, 8.81567821e-002, 1.19415097e-001,
       1.57384291e-001, 1.18815668e-001, 1.06798857e-001,
       1.37838572e-001, 2.48646155e-001, 2.06295118e-001,
       8.49235430e-002, 9.65554193e-002, 1.24124207e-001,
       4.39112149e-002, 6.17343374e-002, 1.10719226e-001,
       2.91106105e-001, 2.58302361e-001, 5.61239608e-002,
       3.28817852e-002, 3.44315842e-002, 6.05822578e-002,
       8.34177062e-002, 1.47223294e-001, 3.08981508e-001,
       2.72778869e-001, 7.33080879e-002, 4.43226099e-002,
       4.55028228e-002, 7.87622482e-002, 9.39032510e-002,
       1.42881528e-001, 2.94425726e-001, 2.53763348e-001,
       7.76143521e-002, 5.35136610e-002, 6.31202310e-002,
       1.01622939e-001, 1.20942250e-001, 1.75873473e-001,
       3.09522361e-001, 2.65301347e-001, 8.66759643e-002,
       5.95980845e-002, 7.17834979e-002, 1.07593648e-001,
       8.29784945e-002, 7.35314041e-002, 1.88301891e-001,
       2.38632247e-001, 1.22813560e-001, 9.45320725e-002,
       1.05220042e-001, 9.66744870e-002, 7.85502940e-002,
       9.73998457e-002, 2.70555854e-001, 3.07084352e-001,
       1.62458181e-001, 1.14379689e-001, 1.07963093e-001,
       5.49256466e-002, 4.61496823e-002, 5.94436377e-002,
       2.15052813e-001, 2.53137797e-001, 1.02092870e-001,
       6.33793995e-002, 5.87925985e-002, 5.08764870e-002,
       4.57223505e-002, 7.51449764e-002, 2.82177508e-001,
       3.15797597e-001, 1.30686238e-001, 7.48806000e-002,
       6.10310324e-002, 8.17532167e-002, 6.35890216e-002,
       8.70978087e-002, 2.52073556e-001, 2.95447707e-001,
       1.72417790e-001, 1.27954617e-001, 1.16541035e-001,
       8.96066055e-002, 6.70261607e-002, 8.71349424e-002,
       2.10799739e-001, 2.56271601e-001, 1.42259210e-001,
       1.30191162e-001, 1.29560828e-001, 5.82021587e-002,
       5.41247614e-002, 8.58202130e-002, 2.71873981e-001,
       2.97221631e-001, 1.61502793e-001, 1.03755616e-001,
       8.07170197e-002, 6.37905225e-002, 5.56165762e-002,
       8.10509250e-002, 2.23676234e-001, 2.59048313e-001,
       1.30165547e-001, 1.15420252e-001, 9.81638059e-002,
       3.03393379e-002, 3.12885083e-002, 5.60501255e-002,
       2.65400648e-001, 2.74963111e-001, 6.00099750e-002,
       3.24384943e-002, 3.07649951e-002, 2.79704798e-002,
       2.85272151e-002, 5.78025058e-002, 3.41822803e-001,
       3.47116828e-001, 6.55643120e-002, 3.07758618e-002,
       2.84557641e-002, 3.57085057e-002, 3.68809327e-002,
       6.71726167e-002, 2.74393797e-001, 2.79654711e-001,
       6.65743500e-002, 3.80834006e-002, 3.61905880e-002,
       3.92246060e-002, 4.23344374e-002, 7.89623410e-002,
       3.51004303e-001, 3.52624506e-001, 7.35929459e-002,
       3.88911329e-002, 3.72168235e-002, 1.20168943e-002,
       1.28420610e-002, 2.70580184e-002, 3.18923593e-001,
       3.22523266e-001, 2.63474938e-002, 1.02136983e-002,
       1.05535155e-002, 1.35814473e-001, 4.20628600e-002,
       5.24570420e-002, 3.42940986e-001, 3.44627142e-001,
       2.54218690e-002, 2.16996651e-002, 1.39872029e-001,
       1.44202877e-002, 1.42327398e-002, 2.73167882e-002,
       3.34247768e-001, 3.35717738e-001, 3.06993928e-002,
       1.56608485e-002, 1.51353646e-002, 3.86453606e-002,
       1.29636200e-002, 2.08945237e-002, 3.47257167e-001,
       3.47579718e-001, 1.36864642e-002, 7.18952203e-003,
       3.84955332e-002, 3.88371982e-002, 3.76598686e-002,
       6.15590885e-002, 2.59259194e-001, 2.81070799e-001,
       7.75636807e-002, 4.64940257e-002, 4.20981832e-002,
       3.94602604e-002, 3.82629745e-002, 6.96309656e-002,
       3.30342501e-001, 3.48212928e-001, 1.02928378e-001,
       5.20929471e-002, 4.31489982e-002, 3.29518355e-002,
       3.37872952e-002, 5.84061034e-002, 2.64661431e-001,
       2.77597368e-001, 6.53747544e-002, 3.67905945e-002,
       3.46855931e-002, 3.15008834e-002, 3.20311561e-002,
       6.15246780e-002, 3.34957451e-001, 3.46649706e-001,
       7.70503432e-002, 3.66557054e-002, 3.29982378e-002,
       4.69978899e-002, 4.75530513e-002, 7.65321031e-002,
       2.97461241e-001, 3.11933160e-001, 1.15478970e-001,
       6.43936694e-002, 5.36255166e-002, 6.02121465e-002,
       5.52980192e-002, 7.77404606e-002, 2.30622754e-001,
       2.65646100e-001, 1.09254271e-001, 9.32808965e-002,
       8.18337873e-002, 4.04924899e-002, 4.30307649e-002,
       7.48778433e-002, 3.14116746e-001, 3.20263207e-001,
       9.00930986e-002, 4.69061360e-002, 4.18256707e-002,
       1.20039858e-001, 7.88193271e-002, 9.87100750e-002,
       2.88622856e-001, 3.02835107e-001, 1.05779335e-001,
       9.21418294e-002, 1.36191159e-001, 3.41591090e-002,
       3.63046192e-002, 6.62227571e-002, 2.50135034e-001,
       2.51312762e-001, 6.39127642e-002, 3.75045165e-002,
       3.46148536e-002, 5.18371649e-002, 6.18245751e-002,
       1.10868633e-001, 3.37857008e-001, 3.38128686e-001,
       9.49740857e-002, 5.38662970e-002, 4.89604548e-002,
       3.65730785e-002, 3.99393067e-002, 6.95613176e-002,
       2.58072644e-001, 2.57960528e-001, 6.77932799e-002,
       3.87011319e-002, 3.63223292e-002, 5.34657352e-002,
       6.00915626e-002, 1.06583193e-001, 3.39731932e-001,
       3.40217203e-001, 1.14617348e-001, 6.46097437e-002,
       5.55009097e-002, 4.19808887e-002, 4.47239913e-002,
       6.71795979e-002, 3.27432752e-001, 3.28231305e-001,
       6.71047419e-002, 4.78264466e-002, 4.40868512e-002,
       6.84462348e-003, 8.11902154e-003, 1.68462377e-002,
       3.41261417e-001, 3.41125399e-001, 1.77445207e-002,
       9.34631843e-003, 7.52578350e-003, 4.84746322e-002,
       5.51873781e-002, 7.97330514e-002, 3.31909120e-001,
       3.30054909e-001, 6.65989965e-002, 4.59282994e-002,
       4.49499749e-002, 8.20896588e-003, 1.05659766e-002,
       2.05591414e-002, 3.41734409e-001, 3.41190994e-001,
       1.71193760e-002, 8.59957933e-003, 7.58033572e-003,
       3.03393379e-002, 3.12885083e-002, 5.60501255e-002,
       2.65400648e-001, 2.74963111e-001, 6.00099750e-002,
       3.24384943e-002, 3.07649951e-002, 2.79704798e-002,
       2.85272151e-002, 5.78025058e-002, 3.41822803e-001,
       3.47116828e-001, 6.55643120e-002, 3.07758618e-002,
       2.84557641e-002, 3.57085057e-002, 3.68809327e-002,
       6.71726167e-002, 2.74393797e-001, 2.79654711e-001,
       6.65743500e-002, 3.80834006e-002, 3.61905880e-002,
       3.92246060e-002, 4.23344374e-002, 7.89623410e-002,
       3.51004303e-001, 3.52624506e-001, 7.35929459e-002,
       3.88911329e-002, 3.72168235e-002, 1.20168943e-002,
       1.28420610e-002, 2.70580184e-002, 3.18923593e-001,
       3.22523266e-001, 2.63474938e-002, 1.02136983e-002,
       1.05535155e-002, 1.35814473e-001, 4.20628600e-002,
       5.24570420e-002, 3.42940986e-001, 3.44627142e-001,
       2.54218690e-002, 2.16996651e-002, 1.39872029e-001,
       1.44202877e-002, 1.42327398e-002, 2.73167882e-002,
       3.34247768e-001, 3.35717738e-001, 3.06993928e-002,
       1.56608485e-002, 1.51353646e-002, 3.86453606e-002,
       1.29636200e-002, 2.08945237e-002, 3.47257167e-001,
       3.47579718e-001, 1.36864642e-002, 7.18952203e-003,
       3.84955332e-002, 3.53088118e-002, 3.68066393e-002,
       6.40885159e-002, 2.75436014e-001, 2.70637065e-001,
       6.21142723e-002, 3.52846645e-002, 3.51379327e-002,
       3.79912890e-002, 3.84873003e-002, 7.11420253e-002,
       3.49900752e-001, 3.48686069e-001, 7.62736872e-002,
       4.19182926e-002, 3.96296307e-002, 3.26390341e-002,
       3.39132622e-002, 6.26814440e-002, 2.80092150e-001,
       2.73347020e-001, 5.88990115e-002, 3.32146958e-002,
       3.25568020e-002, 2.99212765e-002, 3.22129987e-002,
       6.80505782e-002, 3.47314626e-001, 3.43642592e-001,
       6.15081936e-002, 3.05243339e-002, 2.93663014e-002,
       1.67530570e-002, 1.74837075e-002, 3.22287865e-002,
       3.29442471e-001, 3.27768385e-001, 2.82083340e-002,
       1.55602386e-002, 1.54995034e-002, 4.43775766e-002,
       8.57469440e-003, 1.42870592e-002, 3.42462480e-001,
       3.41699690e-001, 2.12615170e-002, 1.44136483e-002,
       4.31100950e-002, 1.26587320e-002, 1.28574511e-002,
       3.08755655e-002, 3.21590006e-001, 3.20606470e-001,
       3.21181938e-002, 1.60023831e-002, 1.40958317e-002,
       1.58910558e-001, 2.83190515e-002, 3.20186131e-002,
       3.41069371e-001, 3.39545816e-001, 5.84508367e-002,
       4.84095737e-002, 1.50394350e-001, 3.41591090e-002,
       3.63046192e-002, 6.62227571e-002, 2.50135034e-001,
       2.51312762e-001, 6.39127642e-002, 3.75045165e-002,
       3.46148536e-002, 5.18371649e-002, 6.18245751e-002,
       1.10868633e-001, 3.37857008e-001, 3.38128686e-001,
       9.49740857e-002, 5.38662970e-002, 4.89604548e-002,
       3.65730785e-002, 3.99393067e-002, 6.95613176e-002,
       2.58072644e-001, 2.57960528e-001, 6.77932799e-002,
       3.87011319e-002, 3.63223292e-002, 5.34657352e-002,
       6.00915626e-002, 1.06583193e-001, 3.39731932e-001,
       3.40217203e-001, 1.14617348e-001, 6.46097437e-002,
       5.55009097e-002, 4.19808887e-002, 4.47239913e-002,
       6.71795979e-002, 3.27432752e-001, 3.28231305e-001,
       6.71047419e-002, 4.78264466e-002, 4.40868512e-002,
       6.84462348e-003, 8.11902154e-003, 1.68462377e-002,
       3.41261417e-001, 3.41125399e-001, 1.77445207e-002,
       9.34631843e-003, 7.52578350e-003, 4.84746322e-002,
       5.51873781e-002, 7.97330514e-002, 3.31909120e-001,
       3.30054909e-001, 6.65989965e-002, 4.59282994e-002,
       4.49499749e-002, 8.20896588e-003, 1.05659766e-002,
       2.05591414e-002, 3.41734409e-001, 3.41190994e-001,
       1.71193760e-002, 8.59957933e-003, 7.58033572e-003,
       3.39110084e-002, 3.55960503e-002, 6.24245964e-002,
       2.70300239e-001, 2.60068744e-001, 5.70347272e-002,
       3.26614678e-002, 3.24082077e-002, 3.05139348e-002,
       3.28749083e-002, 6.94147795e-002, 3.41764241e-001,
       3.31147969e-001, 5.93791716e-002, 3.02325804e-002,
       2.97951885e-002, 4.55962531e-002, 4.98584285e-002,
       8.24747086e-002, 2.85394400e-001, 2.69867361e-001,
       6.87522739e-002, 4.16141935e-002, 4.20035943e-002,
       4.52883467e-002, 5.34525998e-002, 1.03149451e-001,
       3.47853869e-001, 3.33296716e-001, 7.32558891e-002,
       3.99316251e-002, 4.06483375e-002, 3.59809436e-002,
       4.20570076e-002, 8.33410025e-002, 3.15442353e-001,
       3.10486138e-001, 7.02236220e-002, 3.92497331e-002,
       3.51509675e-002, 1.23258360e-001, 9.04576406e-002,
       1.06696166e-001, 2.99408972e-001, 2.85096765e-001,
       9.35746804e-002, 7.29951188e-002, 1.07350402e-001,
       5.30696660e-002, 6.55084699e-002, 1.18832856e-001,
       3.12237829e-001, 3.02524239e-001, 7.83287510e-002,
       4.81983200e-002, 4.65350635e-002, 8.76890719e-002,
       1.02250092e-001, 1.20599128e-001, 2.77166873e-001,
       2.44658887e-001, 8.39847699e-002, 5.97882234e-002,
       6.47712350e-002, 3.53088118e-002, 3.68066393e-002,
       6.40885159e-002, 2.75436014e-001, 2.70637065e-001,
       6.21142723e-002, 3.52846645e-002, 3.51379327e-002,
       3.79912890e-002, 3.84873003e-002, 7.11420253e-002,
       3.49900752e-001, 3.48686069e-001, 7.62736872e-002,
       4.19182926e-002, 3.96296307e-002, 3.26390341e-002,
       3.39132622e-002, 6.26814440e-002, 2.80092150e-001,
       2.73347020e-001, 5.88990115e-002, 3.32146958e-002,
       3.25568020e-002, 2.99212765e-002, 3.22129987e-002,
       6.80505782e-002, 3.47314626e-001, 3.43642592e-001,
       6.15081936e-002, 3.05243339e-002, 2.93663014e-002,
       1.67530570e-002, 1.74837075e-002, 3.22287865e-002,
       3.29442471e-001, 3.27768385e-001, 2.82083340e-002,
       1.55602386e-002, 1.54995034e-002, 4.43775766e-002,
       8.57469440e-003, 1.42870592e-002, 3.42462480e-001,
       3.41699690e-001, 2.12615170e-002, 1.44136483e-002,
       4.31100950e-002, 1.26587320e-002, 1.28574511e-002,
       3.08755655e-002, 3.21590006e-001, 3.20606470e-001,
       3.21181938e-002, 1.60023831e-002, 1.40958317e-002,
       1.58910558e-001, 2.83190515e-002, 3.20186131e-002,
       3.41069371e-001, 3.39545816e-001, 5.84508367e-002,
       4.84095737e-002, 1.50394350e-001, 5.32037094e-002,
       5.98973371e-002, 9.62069333e-002, 2.48990238e-001,
       2.14207426e-001, 5.89744002e-002, 4.30716202e-002,
       4.86247651e-002, 5.33345304e-002, 6.82335570e-002,
       1.20922230e-001, 3.14967841e-001, 2.82010317e-001,
       6.97591975e-002, 4.12541889e-002, 4.39762697e-002,
       1.04766659e-001, 1.00101985e-001, 1.29800588e-001,
       2.46988535e-001, 2.03179225e-001, 7.72745609e-002,
       7.87745118e-002, 1.01872452e-001, 1.05567783e-001,
       1.17455438e-001, 1.67873308e-001, 3.15477133e-001,
       2.80722052e-001, 1.01356730e-001, 7.63686150e-002,
       9.12523717e-002, 7.07306936e-002, 9.36512575e-002,
       1.52267724e-001, 2.98480541e-001, 2.69836456e-001,
       7.87011087e-002, 4.91660275e-002, 5.16561531e-002,
       8.97226408e-002, 1.09736979e-001, 1.26349688e-001,
       2.57670581e-001, 2.20714703e-001, 7.74911717e-002,
       5.22797480e-002, 5.91902100e-002, 1.13793179e-001,
       1.30001292e-001, 1.79306731e-001, 3.01699936e-001,
       2.61079729e-001, 8.86986032e-002, 6.32351562e-002,
       7.87331983e-002, 1.28507957e-001, 1.34143889e-001,
       1.49994954e-001, 2.64865726e-001, 2.22026676e-001,
       8.96497369e-002, 6.73454180e-002, 8.82478729e-002,
       6.77916706e-002, 5.46936728e-002, 7.43179992e-002,
       2.40351602e-001, 2.84435660e-001, 1.35857627e-001,
       9.18773338e-002, 8.22723061e-002, 7.61619136e-002,
       6.08597286e-002, 8.44403803e-002, 2.54347354e-001,
       3.01575243e-001, 1.69974014e-001, 1.19917847e-001,
       1.05247378e-001, 4.05361466e-002, 3.68897542e-002,
       6.11319579e-002, 2.60142982e-001, 2.93277204e-001,
       1.18225649e-001, 6.75416738e-002, 5.11829667e-002,
       5.35955876e-002, 5.03703803e-002, 8.13339427e-002,
       2.75277734e-001, 3.06712270e-001, 1.58564493e-001,
       9.39919204e-002, 7.13463053e-002, 1.02620535e-001,
       7.77750611e-002, 1.01467885e-001, 2.29680344e-001,
       2.62026727e-001, 1.56314224e-001, 1.42987773e-001,
       1.42334431e-001, 8.33710656e-002, 6.45038784e-002,
       8.98701176e-002, 2.48492748e-001, 2.77597040e-001,
       1.44501418e-001, 1.22242190e-001, 1.16509780e-001,
       7.57511631e-002, 6.58878312e-002, 9.59805921e-002,
       2.28794873e-001, 2.52831608e-001, 1.39353052e-001,
       1.30184025e-001, 1.14950761e-001, 6.77811205e-002,
       5.92441633e-002, 8.64590406e-002, 2.40187809e-001,
       2.63662487e-001, 1.31497353e-001, 1.23414159e-001,
       1.03932522e-001, 1.49540026e-002, 1.52259646e-002,
       3.28630358e-002, 2.87272722e-001, 2.98067123e-001,
       3.81204933e-002, 1.66166481e-002, 1.52496612e-002,
       1.66641269e-002, 1.74826626e-002, 3.99487689e-002,
       3.53238374e-001, 3.58264476e-001, 4.70728986e-002,
       1.83580387e-002, 1.67316869e-002, 2.42740288e-002,
       2.55579986e-002, 4.74205501e-002, 2.98091739e-001,
       3.03166866e-001, 4.52145226e-002, 2.39892602e-002,
       2.31368393e-002, 3.36454026e-002, 3.25587019e-002,
       5.62874936e-002, 3.59728307e-001, 3.61908138e-001,
       6.11096546e-002, 3.51151638e-002, 3.50553840e-002,
       2.25878477e-001, 4.40242887e-002, 4.90613282e-002,
       2.99947888e-001, 2.97549278e-001, 2.26194728e-002,
       2.76518725e-002, 2.34001860e-001, 2.56895453e-001,
       1.77116096e-002, 1.92073695e-002, 2.53408909e-001,
       2.71359086e-001, 5.30709401e-002, 5.98140210e-002,
       2.74011791e-001, 6.50235340e-002, 1.06640030e-002,
       1.47870807e-002, 3.02740097e-001, 3.02326083e-001,
       6.37251325e-003, 4.43610223e-003, 6.75545484e-002,
       7.90447742e-002, 3.26751359e-003, 8.67423974e-003,
       2.96174228e-001, 2.96118259e-001, 1.73614379e-002,
       1.27601465e-002, 9.56378877e-002, 2.67208107e-002,
       2.55354717e-002, 4.65801544e-002, 2.80164599e-001,
       3.05461615e-001, 7.82550648e-002, 3.79017889e-002,
       2.97641363e-002, 4.81445305e-002, 4.91702296e-002,
       8.21979269e-002, 3.21814597e-001, 3.38275254e-001,
       1.21660084e-001, 6.41781315e-002, 5.35052940e-002,
       2.01868154e-002, 2.00206395e-002, 3.95683385e-002,
       2.87074029e-001, 3.02111864e-001, 5.43982908e-002,
       2.49371994e-002, 2.16163751e-002, 3.48211750e-002,
       3.76415588e-002, 7.02638701e-002, 3.31736922e-001,
       3.43224347e-001, 8.44615474e-002, 4.20410112e-002,
       3.65051217e-002, 8.12388733e-002, 7.24686682e-002,
       9.59577784e-002, 2.26612195e-001, 2.48262420e-001,
       1.26282111e-001, 1.23618200e-001, 1.13369018e-001,
       7.29690343e-002, 6.37603849e-002, 8.27806219e-002,
       1.85246110e-001, 1.95979208e-001, 1.06156357e-001,
       1.12126216e-001, 9.98849869e-002, 1.95431694e-001,
       1.03823386e-001, 1.17294244e-001, 2.60003030e-001,
       2.64212579e-001, 1.25087708e-001, 1.32950231e-001,
       2.18879983e-001, 2.10713983e-001, 7.94195086e-002,
       8.07484090e-002, 1.65656507e-001, 1.86829820e-001,
       1.18487217e-001, 1.44444376e-001, 2.40490615e-001,
       4.31582183e-002, 4.95804809e-002, 7.98372701e-002,
       2.78756112e-001, 2.77011454e-001, 6.91736937e-002,
       4.50653359e-002, 4.16570529e-002, 7.05461875e-002,
       7.61198774e-002, 1.09284036e-001, 3.15970272e-001,
       3.15834075e-001, 1.04275599e-001, 7.60578886e-002,
       7.16698468e-002, 4.59255613e-002, 5.11192828e-002,
       7.96722993e-002, 2.82810122e-001, 2.84418136e-001,
       8.16418305e-002, 5.17691299e-002, 4.64739837e-002,
       7.82057792e-002, 8.71430337e-002, 1.21083900e-001,
       3.18031996e-001, 3.16932321e-001, 1.08729422e-001,
       7.75673240e-002, 7.47949705e-002, 1.74341362e-003,
       2.18167529e-003, 6.73197769e-003, 3.54056925e-001,
       3.53930652e-001, 6.87584747e-003, 2.45651160e-003,
       1.83643575e-003, 1.12792139e-003, 1.30305684e-003,
       5.34559740e-003, 3.46932054e-001, 3.46894622e-001,
       5.31726144e-003, 1.30943651e-003, 1.08797080e-003,
       2.27924017e-003, 2.72088358e-003, 7.77190644e-003,
       3.54460508e-001, 3.54104370e-001, 7.18733575e-003,
       2.55901436e-003, 2.18888023e-003, 1.45831180e-003,
       1.43321312e-003, 5.48688974e-003, 3.48742098e-001,
       3.48792851e-001, 5.62616438e-003, 1.50676270e-003,
       1.42961415e-003, 1.49540026e-002, 1.52259646e-002,
       3.28630358e-002, 2.87272722e-001, 2.98067123e-001,
       3.81204933e-002, 1.66166481e-002, 1.52496612e-002,
       1.66641269e-002, 1.74826626e-002, 3.99487689e-002,
       3.53238374e-001, 3.58264476e-001, 4.70728986e-002,
       1.83580387e-002, 1.67316869e-002, 2.42740288e-002,
       2.55579986e-002, 4.74205501e-002, 2.98091739e-001,
       3.03166866e-001, 4.52145226e-002, 2.39892602e-002,
       2.31368393e-002, 3.36454026e-002, 3.25587019e-002,
       5.62874936e-002, 3.59728307e-001, 3.61908138e-001,
       6.11096546e-002, 3.51151638e-002, 3.50553840e-002,
       2.25878477e-001, 4.40242887e-002, 4.90613282e-002,
       2.99947888e-001, 2.97549278e-001, 2.26194728e-002,
       2.76518725e-002, 2.34001860e-001, 2.56895453e-001,
       1.77116096e-002, 1.92073695e-002, 2.53408909e-001,
       2.71359086e-001, 5.30709401e-002, 5.98140210e-002,
       2.74011791e-001, 6.50235340e-002, 1.06640030e-002,
       1.47870807e-002, 3.02740097e-001, 3.02326083e-001,
       6.37251325e-003, 4.43610223e-003, 6.75545484e-002,
       7.90447742e-002, 3.26751359e-003, 8.67423974e-003,
       2.96174228e-001, 2.96118259e-001, 1.73614379e-002,
       1.27601465e-002, 9.56378877e-002, 2.46679056e-002,
       2.49202680e-002, 4.45810370e-002, 2.97088832e-001,
       2.92498022e-001, 4.68769409e-002, 2.65380740e-002,
       2.52712090e-002, 3.79417911e-002, 3.87200974e-002,
       6.37162104e-002, 3.58058661e-001, 3.55722785e-001,
       5.71004227e-002, 3.43395211e-002, 3.53927091e-002,
       1.59777422e-002, 1.75731406e-002, 3.99943367e-002,
       3.00110042e-001, 2.91290313e-001, 3.53729278e-002,
       1.68429930e-002, 1.57465804e-002, 1.97253525e-002,
       2.20736861e-002, 5.35972752e-002, 3.57152045e-001,
       3.53479117e-001, 4.69793864e-002, 2.19268855e-002,
       1.96864009e-002, 7.47789517e-002, 5.40557178e-003,
       6.39591971e-003, 2.93035358e-001, 2.93278486e-001,
       1.46932891e-002, 1.15828086e-002, 7.03316629e-002,
       1.06257536e-001, 1.42595042e-002, 1.71120241e-002,
       2.87736148e-001, 2.87605822e-001, 7.18833832e-003,
       3.30516952e-003, 8.75872970e-002, 2.52657741e-001,
       3.46546173e-002, 2.83244122e-002, 2.89738148e-001,
       2.91553646e-001, 5.18054105e-002, 4.82128076e-002,
       2.39440665e-001, 2.82460600e-001, 7.14026168e-002,
       5.93188815e-002, 2.67873526e-001, 2.50201851e-001,
       1.77036431e-002, 1.90085154e-002, 2.71023721e-001,
       4.31582183e-002, 4.95804809e-002, 7.98372701e-002,
       2.78756112e-001, 2.77011454e-001, 6.91736937e-002,
       4.50653359e-002, 4.16570529e-002, 7.05461875e-002,
       7.61198774e-002, 1.09284036e-001, 3.15970272e-001,
       3.15834075e-001, 1.04275599e-001, 7.60578886e-002,
       7.16698468e-002, 4.59255613e-002, 5.11192828e-002,
       7.96722993e-002, 2.82810122e-001, 2.84418136e-001,
       8.16418305e-002, 5.17691299e-002, 4.64739837e-002,
       7.82057792e-002, 8.71430337e-002, 1.21083900e-001,
       3.18031996e-001, 3.16932321e-001, 1.08729422e-001,
       7.75673240e-002, 7.47949705e-002, 1.74341362e-003,
       2.18167529e-003, 6.73197769e-003, 3.54056925e-001,
       3.53930652e-001, 6.87584747e-003, 2.45651160e-003,
       1.83643575e-003, 1.12792139e-003, 1.30305684e-003,
       5.34559740e-003, 3.46932054e-001, 3.46894622e-001,
       5.31726144e-003, 1.30943651e-003, 1.08797080e-003,
       2.27924017e-003, 2.72088358e-003, 7.77190644e-003,
       3.54460508e-001, 3.54104370e-001, 7.18733575e-003,
       2.55901436e-003, 2.18888023e-003, 1.45831180e-003,
       1.43321312e-003, 5.48688974e-003, 3.48742098e-001,
       3.48792851e-001, 5.62616438e-003, 1.50676270e-003,
       1.42961415e-003, 1.95951164e-002, 2.19488852e-002,
       4.92050387e-002, 2.95505315e-001, 2.83628136e-001,
       3.77793200e-002, 1.85522977e-002, 1.87034346e-002,
       3.16770524e-002, 3.76247130e-002, 7.82745183e-002,
       3.40542227e-001, 3.29950601e-001, 6.77019134e-002,
       3.47609185e-002, 3.08114551e-002, 3.12228240e-002,
       3.89489271e-002, 7.99445361e-002, 3.06545585e-001,
       2.87566513e-001, 4.92136516e-002, 2.65834779e-002,
       2.75930036e-002, 5.22786193e-002, 6.44073039e-002,
       1.23026073e-001, 3.41880083e-001, 3.28914255e-001,
       8.44773129e-002, 4.94849570e-002, 4.70687635e-002,
       2.05992475e-001, 1.33996561e-001, 1.27491727e-001,
       2.61107028e-001, 2.53973156e-001, 1.09762996e-001,
       9.64711756e-002, 1.79124281e-001, 2.33559430e-001,
       1.51888981e-001, 1.21102013e-001, 1.74649909e-001,
       1.49590880e-001, 7.30993599e-002, 7.50665441e-002,
       1.99038297e-001, 1.22121722e-001, 1.35198414e-001,
       1.38994664e-001, 2.54130691e-001, 2.33574972e-001,
       1.01724416e-001, 7.76437894e-002, 8.75738412e-002,
       1.12257212e-001, 1.27141684e-001, 1.15591042e-001,
       1.97379977e-001, 1.85558975e-001, 8.66360739e-002,
       6.78224862e-002, 8.00438821e-002, 2.46679056e-002,
       2.49202680e-002, 4.45810370e-002, 2.97088832e-001,
       2.92498022e-001, 4.68769409e-002, 2.65380740e-002,
       2.52712090e-002, 3.79417911e-002, 3.87200974e-002,
       6.37162104e-002, 3.58058661e-001, 3.55722785e-001,
       5.71004227e-002, 3.43395211e-002, 3.53927091e-002,
       1.59777422e-002, 1.75731406e-002, 3.99943367e-002,
       3.00110042e-001, 2.91290313e-001, 3.53729278e-002,
       1.68429930e-002, 1.57465804e-002, 1.97253525e-002,
       2.20736861e-002, 5.35972752e-002, 3.57152045e-001,
       3.53479117e-001, 4.69793864e-002, 2.19268855e-002,
       1.96864009e-002, 7.47789517e-002, 5.40557178e-003,
       6.39591971e-003, 2.93035358e-001, 2.93278486e-001,
       1.46932891e-002, 1.15828086e-002, 7.03316629e-002,
       1.06257536e-001, 1.42595042e-002, 1.71120241e-002,
       2.87736148e-001, 2.87605822e-001, 7.18833832e-003,
       3.30516952e-003, 8.75872970e-002, 2.52657741e-001,
       3.46546173e-002, 2.83244122e-002, 2.89738148e-001,
       2.91553646e-001, 5.18054105e-002, 4.82128076e-002,
       2.39440665e-001, 2.82460600e-001, 7.14026168e-002,
       5.93188815e-002, 2.67873526e-001, 2.50201851e-001,
       1.77036431e-002, 1.90085154e-002, 2.71023721e-001,
       4.39112149e-002, 6.17343374e-002, 1.10719226e-001,
       2.91106105e-001, 2.58302361e-001, 5.61239608e-002,
       3.28817852e-002, 3.44315842e-002, 6.05822578e-002,
       8.34177062e-002, 1.47223294e-001, 3.08981508e-001,
       2.72778869e-001, 7.33080879e-002, 4.43226099e-002,
       4.55028228e-002, 7.87622482e-002, 9.39032510e-002,
       1.42881528e-001, 2.94425726e-001, 2.53763348e-001,
       7.76143521e-002, 5.35136610e-002, 6.31202310e-002,
       1.01622939e-001, 1.20942250e-001, 1.75873473e-001,
       3.09522361e-001, 2.65301347e-001, 8.66759643e-002,
       5.95980845e-002, 7.17834979e-002, 1.07581109e-001,
       1.25291511e-001, 1.36871606e-001, 2.49618217e-001,
       2.26274312e-001, 9.27861482e-002, 6.27488643e-002,
       7.15833902e-002, 9.89557505e-002, 1.18156254e-001,
       1.25390932e-001, 2.55554885e-001, 2.33946994e-001,
       8.32909271e-002, 5.60862534e-002, 6.48562983e-002,
       1.43420443e-001, 1.49532184e-001, 1.66045681e-001,
       2.68500566e-001, 2.39819601e-001, 1.06176853e-001,
       7.95633271e-002, 1.02907792e-001, 1.20997578e-001,
       1.29606754e-001, 1.51603803e-001, 2.78958768e-001,
       2.54511237e-001, 9.54555348e-002, 6.80967048e-002,
       8.65060687e-002, 8.17532167e-002, 6.35890216e-002,
       8.70978087e-002, 2.52073556e-001, 2.95447707e-001,
       1.72417790e-001, 1.27954617e-001, 1.16541035e-001,
       8.96066055e-002, 6.70261607e-002, 8.71349424e-002,
       2.10799739e-001, 2.56271601e-001, 1.42259210e-001,
       1.30191162e-001, 1.29560828e-001, 5.82021587e-002,
       5.41247614e-002, 8.58202130e-002, 2.71873981e-001,
       2.97221631e-001, 1.61502793e-001, 1.03755616e-001,
       8.07170197e-002, 6.37905225e-002, 5.56165762e-002,
       8.10509250e-002, 2.23676234e-001, 2.59048313e-001,
       1.30165547e-001, 1.15420252e-001, 9.81638059e-002,
       7.20889121e-002, 5.62336519e-002, 8.04237351e-002,
       2.53478050e-001, 2.88410455e-001, 1.39673650e-001,
       1.14744961e-001, 1.04423612e-001, 6.84410781e-002,
       4.42846864e-002, 6.60591349e-002, 2.41747484e-001,
       2.84241766e-001, 1.35932967e-001, 1.00227073e-001,
       9.00600329e-002, 6.33913502e-002, 5.50378039e-002,
       8.07217062e-002, 2.49227718e-001, 2.79336929e-001,
       1.36915326e-001, 1.24978729e-001, 9.86413360e-002,
       5.85704707e-002, 3.99024449e-002, 6.28159642e-002,
       2.53873765e-001, 2.92250693e-001, 1.50045559e-001,
       1.13452852e-001, 8.48018005e-002, 1.20168943e-002,
       1.28420610e-002, 2.70580184e-002, 3.18923593e-001,
       3.22523266e-001, 2.63474938e-002, 1.02136983e-002,
       1.05535155e-002, 1.35814473e-001, 4.20628600e-002,
       5.24570420e-002, 3.42940986e-001, 3.44627142e-001,
       2.54218690e-002, 2.16996651e-002, 1.39872029e-001,
       1.44202877e-002, 1.42327398e-002, 2.73167882e-002,
       3.34247768e-001, 3.35717738e-001, 3.06993928e-002,
       1.56608485e-002, 1.51353646e-002, 3.86453606e-002,
       1.29636200e-002, 2.08945237e-002, 3.47257167e-001,
       3.47579718e-001, 1.36864642e-002, 7.18952203e-003,
       3.84955332e-002, 1.75281778e-001, 1.58770755e-002,
       2.29627155e-002, 3.19180697e-001, 3.28648686e-001,
       6.97113276e-002, 6.15706109e-002, 2.23799869e-001,
       1.98052470e-002, 1.19265150e-002, 2.48080771e-002,
       3.22362155e-001, 3.29887569e-001, 5.98712675e-002,
       3.10226846e-002, 3.27355973e-002, 4.74394672e-002,
       4.86914581e-003, 1.49477664e-002, 3.31289858e-001,
       3.31526935e-001, 2.75582988e-002, 1.58799980e-002,
       6.13032319e-002, 9.44113731e-003, 7.34371226e-003,
       2.14206278e-002, 3.33297610e-001, 3.33308458e-001,
       3.16454284e-002, 1.20373117e-002, 1.27147464e-002,
       4.69978899e-002, 4.75530513e-002, 7.65321031e-002,
       2.97461241e-001, 3.11933160e-001, 1.15478970e-001,
       6.43936694e-002, 5.36255166e-002, 6.02121465e-002,
       5.52980192e-002, 7.77404606e-002, 2.30622754e-001,
       2.65646100e-001, 1.09254271e-001, 9.32808965e-002,
       8.18337873e-002, 4.04924899e-002, 4.30307649e-002,
       7.48778433e-002, 3.14116746e-001, 3.20263207e-001,
       9.00930986e-002, 4.69061360e-002, 4.18256707e-002,
       1.20039858e-001, 7.88193271e-002, 9.87100750e-002,
       2.88622856e-001, 3.02835107e-001, 1.05779335e-001,
       9.21418294e-002, 1.36191159e-001, 6.70157149e-002,
       5.90864420e-002, 8.13981518e-002, 2.12805271e-001,
       2.33533442e-001, 1.15307719e-001, 1.08093128e-001,
       9.02564302e-002, 4.91220467e-002, 3.71694416e-002,
       6.11265935e-002, 2.64490247e-001, 2.87706345e-001,
       1.25615492e-001, 7.92911276e-002, 6.03861474e-002,
       1.84374377e-001, 7.68389180e-002, 8.57890099e-002,
       2.25307763e-001, 2.59881765e-001, 1.46933213e-001,
       1.50425822e-001, 2.17698231e-001, 6.26088753e-002,
       4.56417985e-002, 7.09609687e-002, 2.92239428e-001,
       3.08377713e-001, 1.46942332e-001, 9.14130956e-002,
       8.12854543e-002, 4.19808887e-002, 4.47239913e-002,
       6.71795979e-002, 3.27432752e-001, 3.28231305e-001,
       6.71047419e-002, 4.78264466e-002, 4.40868512e-002,
       6.84462348e-003, 8.11902154e-003, 1.68462377e-002,
       3.41261417e-001, 3.41125399e-001, 1.77445207e-002,
       9.34631843e-003, 7.52578350e-003, 4.84746322e-002,
       5.51873781e-002, 7.97330514e-002, 3.31909120e-001,
       3.30054909e-001, 6.65989965e-002, 4.59282994e-002,
       4.49499749e-002, 8.20896588e-003, 1.05659766e-002,
       2.05591414e-002, 3.41734409e-001, 3.41190994e-001,
       1.71193760e-002, 8.59957933e-003, 7.58033572e-003,
       1.82404986e-003, 2.43029883e-003, 9.12151579e-003,
       3.50075185e-001, 3.50089759e-001, 9.28130560e-003,
       2.41384376e-003, 1.77480094e-003, 6.74682949e-003,
       5.97335538e-003, 1.68982763e-002, 3.52244049e-001,
       3.52265775e-001, 1.75272413e-002, 5.97927999e-003,
       6.74373237e-003, 2.03984068e-003, 2.52999109e-003,
       9.41876601e-003, 3.50300401e-001, 3.50336671e-001,
       9.69401281e-003, 2.64318776e-003, 2.03268789e-003,
       7.22153904e-003, 6.35030447e-003, 1.80925764e-002,
       3.52331102e-001, 3.52318048e-001, 1.82335507e-002,
       6.35528332e-003, 7.23324064e-003, 1.20168943e-002,
       1.28420610e-002, 2.70580184e-002, 3.18923593e-001,
       3.22523266e-001, 2.63474938e-002, 1.02136983e-002,
       1.05535155e-002, 1.35814473e-001, 4.20628600e-002,
       5.24570420e-002, 3.42940986e-001, 3.44627142e-001,
       2.54218690e-002, 2.16996651e-002, 1.39872029e-001,
       1.44202877e-002, 1.42327398e-002, 2.73167882e-002,
       3.34247768e-001, 3.35717738e-001, 3.06993928e-002,
       1.56608485e-002, 1.51353646e-002, 3.86453606e-002,
       1.29636200e-002, 2.08945237e-002, 3.47257167e-001,
       3.47579718e-001, 1.36864642e-002, 7.18952203e-003,
       3.84955332e-002, 1.75281778e-001, 1.58770755e-002,
       2.29627155e-002, 3.19180697e-001, 3.28648686e-001,
       6.97113276e-002, 6.15706109e-002, 2.23799869e-001,
       1.98052470e-002, 1.19265150e-002, 2.48080771e-002,
       3.22362155e-001, 3.29887569e-001, 5.98712675e-002,
       3.10226846e-002, 3.27355973e-002, 4.74394672e-002,
       4.86914581e-003, 1.49477664e-002, 3.31289858e-001,
       3.31526935e-001, 2.75582988e-002, 1.58799980e-002,
       6.13032319e-002, 9.44113731e-003, 7.34371226e-003,
       2.14206278e-002, 3.33297610e-001, 3.33308458e-001,
       3.16454284e-002, 1.20373117e-002, 1.27147464e-002,
       1.67530570e-002, 1.74837075e-002, 3.22287865e-002,
       3.29442471e-001, 3.27768385e-001, 2.82083340e-002,
       1.55602386e-002, 1.54995034e-002, 4.43775766e-002,
       8.57469440e-003, 1.42870592e-002, 3.42462480e-001,
       3.41699690e-001, 2.12615170e-002, 1.44136483e-002,
       4.31100950e-002, 1.26587320e-002, 1.28574511e-002,
       3.08755655e-002, 3.21590006e-001, 3.20606470e-001,
       3.21181938e-002, 1.60023831e-002, 1.40958317e-002,
       1.58910558e-001, 2.83190515e-002, 3.20186131e-002,
       3.41069371e-001, 3.39545816e-001, 5.84508367e-002,
       4.84095737e-002, 1.50394350e-001, 6.83125928e-002,
       1.71678104e-002, 2.62862016e-002, 3.24300706e-001,
       3.24320495e-001, 1.28629794e-002, 4.59200703e-003,
       5.30390590e-002, 1.31032337e-002, 1.18875969e-002,
       2.87201423e-002, 3.26924980e-001, 3.26914132e-001,
       1.96607765e-002, 6.70465967e-003, 9.22654476e-003,
       2.49001101e-001, 7.29602724e-002, 7.61877000e-002,
       3.22509497e-001, 3.16630155e-001, 2.14697253e-002,
       1.69587806e-002, 2.01165244e-001, 3.98431681e-002,
       3.64792980e-002, 6.44146875e-002, 3.25623870e-001,
       3.21579635e-001, 2.52931379e-002, 1.24597084e-002,
       2.30036769e-002, 4.19808887e-002, 4.47239913e-002,
       6.71795979e-002, 3.27432752e-001, 3.28231305e-001,
       6.71047419e-002, 4.78264466e-002, 4.40868512e-002,
       6.84462348e-003, 8.11902154e-003, 1.68462377e-002,
       3.41261417e-001, 3.41125399e-001, 1.77445207e-002,
       9.34631843e-003, 7.52578350e-003, 4.84746322e-002,
       5.51873781e-002, 7.97330514e-002, 3.31909120e-001,
       3.30054909e-001, 6.65989965e-002, 4.59282994e-002,
       4.49499749e-002, 8.20896588e-003, 1.05659766e-002,
       2.05591414e-002, 3.41734409e-001, 3.41190994e-001,
       1.71193760e-002, 8.59957933e-003, 7.58033572e-003,
       1.82404986e-003, 2.43029883e-003, 9.12151579e-003,
       3.50075185e-001, 3.50089759e-001, 9.28130560e-003,
       2.41384376e-003, 1.77480094e-003, 6.74682949e-003,
       5.97335538e-003, 1.68982763e-002, 3.52244049e-001,
       3.52265775e-001, 1.75272413e-002, 5.97927999e-003,
       6.74373237e-003, 2.03984068e-003, 2.52999109e-003,
       9.41876601e-003, 3.50300401e-001, 3.50336671e-001,
       9.69401281e-003, 2.64318776e-003, 2.03268789e-003,
       7.22153904e-003, 6.35030447e-003, 1.80925764e-002,
       3.52331102e-001, 3.52318048e-001, 1.82335507e-002,
       6.35528332e-003, 7.23324064e-003, 3.59809436e-002,
       4.20570076e-002, 8.33410025e-002, 3.15442353e-001,
       3.10486138e-001, 7.02236220e-002, 3.92497331e-002,
       3.51509675e-002, 1.23258360e-001, 9.04576406e-002,
       1.06696166e-001, 2.99408972e-001, 2.85096765e-001,
       9.35746804e-002, 7.29951188e-002, 1.07350402e-001,
       5.30696660e-002, 6.55084699e-002, 1.18832856e-001,
       3.12237829e-001, 3.02524239e-001, 7.83287510e-002,
       4.81983200e-002, 4.65350635e-002, 8.76890719e-002,
       1.02250092e-001, 1.20599128e-001, 2.77166873e-001,
       2.44658887e-001, 8.39847699e-002, 5.97882234e-002,
       6.47712350e-002, 2.13946253e-001, 1.58568919e-001,
       1.49353325e-001, 2.46688068e-001, 2.07384244e-001,
       7.62857199e-002, 7.12767094e-002, 1.76630735e-001,
       8.34311917e-002, 9.56788808e-002, 1.46349370e-001,
       3.04257929e-001, 2.85596579e-001, 6.53792843e-002,
       4.21732068e-002, 6.09883033e-002, 1.01900138e-001,
       1.21549740e-001, 1.25489667e-001, 2.35624626e-001,
       2.16291502e-001, 8.57253447e-002, 6.30219728e-002,
       7.37645328e-002, 6.61329180e-002, 8.31895247e-002,
       1.30909547e-001, 2.88457900e-001, 2.69004107e-001,
       6.61077574e-002, 3.99993174e-002, 5.37476353e-002,
       1.67530570e-002, 1.74837075e-002, 3.22287865e-002,
       3.29442471e-001, 3.27768385e-001, 2.82083340e-002,
       1.55602386e-002, 1.54995034e-002, 4.43775766e-002,
       8.57469440e-003, 1.42870592e-002, 3.42462480e-001,
       3.41699690e-001, 2.12615170e-002, 1.44136483e-002,
       4.31100950e-002, 1.26587320e-002, 1.28574511e-002,
       3.08755655e-002, 3.21590006e-001, 3.20606470e-001,
       3.21181938e-002, 1.60023831e-002, 1.40958317e-002,
       1.58910558e-001, 2.83190515e-002, 3.20186131e-002,
       3.41069371e-001, 3.39545816e-001, 5.84508367e-002,
       4.84095737e-002, 1.50394350e-001, 6.83125928e-002,
       1.71678104e-002, 2.62862016e-002, 3.24300706e-001,
       3.24320495e-001, 1.28629794e-002, 4.59200703e-003,
       5.30390590e-002, 1.31032337e-002, 1.18875969e-002,
       2.87201423e-002, 3.26924980e-001, 3.26914132e-001,
       1.96607765e-002, 6.70465967e-003, 9.22654476e-003,
       2.49001101e-001, 7.29602724e-002, 7.61877000e-002,
       3.22509497e-001, 3.16630155e-001, 2.14697253e-002,
       1.69587806e-002, 2.01165244e-001, 3.98431681e-002,
       3.64792980e-002, 6.44146875e-002, 3.25623870e-001,
       3.21579635e-001, 2.52931379e-002, 1.24597084e-002,
       2.30036769e-002, 7.07306936e-002, 9.36512575e-002,
       1.52267724e-001, 2.98480541e-001, 2.69836456e-001,
       7.87011087e-002, 4.91660275e-002, 5.16561531e-002,
       8.97226408e-002, 1.09736979e-001, 1.26349688e-001,
       2.57670581e-001, 2.20714703e-001, 7.74911717e-002,
       5.22797480e-002, 5.91902100e-002, 1.13793179e-001,
       1.30001292e-001, 1.79306731e-001, 3.01699936e-001,
       2.61079729e-001, 8.86986032e-002, 6.32351562e-002,
       7.87331983e-002, 1.28507957e-001, 1.34143889e-001,
       1.49994954e-001, 2.64865726e-001, 2.22026676e-001,
       8.96497369e-002, 6.73454180e-002, 8.82478729e-002,
       9.28342417e-002, 1.16268359e-001, 1.27167687e-001,
       2.70659387e-001, 2.42532119e-001, 7.70811811e-002,
       5.10077365e-002, 6.01539947e-002, 8.15732032e-002,
       1.07020780e-001, 1.43041223e-001, 2.91157514e-001,
       2.55667001e-001, 6.28217906e-002, 3.91516313e-002,
       5.79029173e-002, 1.07048489e-001, 1.19841807e-001,
       1.45000145e-001, 2.89689481e-001, 2.60296553e-001,
       8.53926465e-002, 5.92877269e-002, 7.42899552e-002,
       9.43237543e-002, 1.06423393e-001, 1.43758669e-001,
       2.91482270e-001, 2.56061643e-001, 7.23844320e-002,
       4.69515808e-002, 7.20184967e-002 ]
