%YAML:1.0
Mean_Truck: !!opencv-matrix
   rows: 1
   cols: 2400
   dt: f
   data: [ 1.77450076e-001, 1.18801318e-001, 2.07661003e-001,
       2.33446985e-001, 1.50041208e-001, 1.93283513e-001,
       1.64906606e-001, 1.28652886e-001, 2.08150923e-001,
       2.31819749e-001, 1.49927229e-001, 1.83770701e-001,
       1.44499302e-001, 1.25713512e-001, 2.48063296e-001,
       2.56460696e-001, 1.42369136e-001, 1.53915450e-001,
       1.23210393e-001, 1.29398271e-001, 2.44086951e-001,
       2.55629122e-001, 1.34096429e-001, 1.39500916e-001,
       1.67472899e-001, 1.04429342e-001, 1.77358493e-001,
       2.22892895e-001, 1.60782933e-001, 1.92026332e-001,
       1.75636694e-001, 1.02083884e-001, 1.69015348e-001,
       2.26026610e-001, 1.79891437e-001, 2.06659168e-001,
       1.25914425e-001, 1.01311192e-001, 2.23461553e-001,
       2.50402093e-001, 1.48647860e-001, 1.50522411e-001,
       1.36848018e-001, 1.01242855e-001, 2.05961794e-001,
       2.55625576e-001, 1.73601598e-001, 1.70922354e-001,
       9.85538885e-002, 1.07734188e-001, 2.81065851e-001,
       2.83133477e-001, 1.18092209e-001, 1.00265957e-001,
       8.43477696e-002, 9.72875953e-002, 2.84435064e-001,
       2.88253635e-001, 1.04832388e-001, 8.67800191e-002,
       1.11843206e-001, 1.21157281e-001, 2.89867878e-001,
       2.87035733e-001, 1.24032259e-001, 1.10825777e-001,
       1.09091185e-001, 1.23856008e-001, 2.96074092e-001,
       2.96723127e-001, 1.24446332e-001, 1.04949713e-001,
       6.04329854e-002, 6.82775751e-002, 2.89105266e-001,
       2.94644386e-001, 8.06492940e-002, 6.57397062e-002,
       6.06305674e-002, 7.03870207e-002, 2.74482846e-001,
       2.80427307e-001, 8.42732862e-002, 6.59678206e-002,
       1.04539916e-001, 1.16981655e-001, 3.05538088e-001,
       3.05182964e-001, 1.11338764e-001, 9.99537334e-002,
       9.96299908e-002, 1.12373821e-001, 2.98409492e-001,
       2.95521200e-001, 1.04683258e-001, 9.52263474e-002,
       1.12429604e-001, 1.16016343e-001, 2.78059751e-001,
       2.84781903e-001, 1.27087146e-001, 1.18230470e-001,
       8.68713111e-002, 1.05170079e-001, 2.75021642e-001,
       2.82268912e-001, 1.11368977e-001, 9.77790952e-002,
       1.07137315e-001, 1.16556577e-001, 2.92398900e-001,
       2.94228643e-001, 1.31547704e-001, 1.11568004e-001,
       8.53550881e-002, 1.00709766e-001, 2.89240390e-001,
       2.94467390e-001, 1.09386586e-001, 9.18097645e-002,
       8.72805342e-002, 8.64789709e-002, 2.69175172e-001,
       2.91187257e-001, 1.24737695e-001, 1.08201228e-001,
       1.02911308e-001, 9.18383300e-002, 2.51084507e-001,
       2.81620145e-001, 1.47941232e-001, 1.31845206e-001,
       7.12475032e-002, 8.13606754e-002, 2.90350050e-001,
       2.98739761e-001, 1.02229111e-001, 8.15529451e-002,
       8.07185844e-002, 8.63514766e-002, 2.73053110e-001,
       2.89861679e-001, 1.19309604e-001, 9.71849263e-002,
       9.83486250e-002, 1.09509833e-001, 2.85971582e-001,
       2.78795063e-001, 1.06931359e-001, 9.91196409e-002,
       9.96002853e-002, 1.17310219e-001, 2.95082361e-001,
       2.93071061e-001, 1.14855006e-001, 9.86661986e-002,
       9.72571373e-002, 1.09890148e-001, 2.93373644e-001,
       2.84977138e-001, 1.07788034e-001, 9.83131900e-002,
       9.81769711e-002, 1.14133216e-001, 2.99406171e-001,
       2.94174463e-001, 1.18941762e-001, 1.01554655e-001,
       9.70452949e-002, 1.18810967e-001, 2.85901189e-001,
       2.82345504e-001, 1.07140310e-001, 9.00556669e-002,
       9.69500542e-002, 1.19183823e-001, 2.84732759e-001,
       2.78040528e-001, 1.03858545e-001, 8.81076828e-002,
       9.45476368e-002, 1.17373347e-001, 2.90212154e-001,
       2.84486145e-001, 1.14744827e-001, 9.30126533e-002,
       9.71506834e-002, 1.20061390e-001, 2.87209392e-001,
       2.79704839e-001, 1.11850373e-001, 9.33504179e-002,
       9.85538885e-002, 1.07734188e-001, 2.81065851e-001,
       2.83133477e-001, 1.18092209e-001, 1.00265957e-001,
       8.43477696e-002, 9.72875953e-002, 2.84435064e-001,
       2.88253635e-001, 1.04832388e-001, 8.67800191e-002,
       1.11843206e-001, 1.21157281e-001, 2.89867878e-001,
       2.87035733e-001, 1.24032259e-001, 1.10825777e-001,
       1.09091185e-001, 1.23856008e-001, 2.96074092e-001,
       2.96723127e-001, 1.24446332e-001, 1.04949713e-001,
       6.04329854e-002, 6.82775751e-002, 2.89105266e-001,
       2.94644386e-001, 8.06492940e-002, 6.57397062e-002,
       6.06305674e-002, 7.03870207e-002, 2.74482846e-001,
       2.80427307e-001, 8.42732862e-002, 6.59678206e-002,
       1.04539916e-001, 1.16981655e-001, 3.05538088e-001,
       3.05182964e-001, 1.11338764e-001, 9.99537334e-002,
       9.96299908e-002, 1.12373821e-001, 2.98409492e-001,
       2.95521200e-001, 1.04683258e-001, 9.52263474e-002,
       9.63085890e-002, 1.11678727e-001, 2.97047645e-001,
       2.88218200e-001, 1.10582173e-001, 9.89032388e-002,
       9.63492617e-002, 1.09236106e-001, 3.04501683e-001,
       2.96228379e-001, 1.14198714e-001, 1.01264551e-001,
       9.78580341e-002, 1.11281462e-001, 2.95224786e-001,
       2.83816308e-001, 1.13469414e-001, 9.95789617e-002,
       8.88040066e-002, 1.00209013e-001, 2.97416747e-001,
       2.85146326e-001, 1.00951917e-001, 8.90433341e-002,
       9.40096006e-002, 1.10147297e-001, 3.06921840e-001,
       2.96203345e-001, 1.06818333e-001, 9.49786231e-002,
       9.34688523e-002, 1.09059267e-001, 3.00471932e-001,
       2.88528562e-001, 9.97341499e-002, 9.13212150e-002,
       7.18956068e-002, 9.35289413e-002, 3.05305451e-001,
       2.84078777e-001, 7.13863075e-002, 6.41688928e-002,
       7.47799650e-002, 9.93630067e-002, 2.90340662e-001,
       2.71098077e-001, 7.02978149e-002, 6.37363940e-002,
       9.83486250e-002, 1.09509833e-001, 2.85971582e-001,
       2.78795063e-001, 1.06931359e-001, 9.91196409e-002,
       9.96002853e-002, 1.17310219e-001, 2.95082361e-001,
       2.93071061e-001, 1.14855006e-001, 9.86661986e-002,
       9.72571373e-002, 1.09890148e-001, 2.93373644e-001,
       2.84977138e-001, 1.07788034e-001, 9.83131900e-002,
       9.81769711e-002, 1.14133216e-001, 2.99406171e-001,
       2.94174463e-001, 1.18941762e-001, 1.01554655e-001,
       9.70452949e-002, 1.18810967e-001, 2.85901189e-001,
       2.82345504e-001, 1.07140310e-001, 9.00556669e-002,
       9.69500542e-002, 1.19183823e-001, 2.84732759e-001,
       2.78040528e-001, 1.03858545e-001, 8.81076828e-002,
       9.45476368e-002, 1.17373347e-001, 2.90212154e-001,
       2.84486145e-001, 1.14744827e-001, 9.30126533e-002,
       9.71506834e-002, 1.20061390e-001, 2.87209392e-001,
       2.79704839e-001, 1.11850373e-001, 9.33504179e-002,
       1.04756959e-001, 1.18032843e-001, 2.88289040e-001,
       2.77801812e-001, 1.23881154e-001, 1.06853336e-001,
       9.13444385e-002, 1.04418717e-001, 2.90608555e-001,
       2.78106064e-001, 1.05335131e-001, 8.79572853e-002,
       1.30054638e-001, 1.34229273e-001, 2.81370938e-001,
       2.65082687e-001, 1.40924945e-001, 1.31520167e-001,
       1.12232827e-001, 1.22892067e-001, 2.79681772e-001,
       2.67343462e-001, 1.27602577e-001, 1.07496522e-001,
       8.17291513e-002, 1.06213428e-001, 2.98547894e-001,
       2.72753239e-001, 7.31632560e-002, 6.83140531e-002,
       9.84385461e-002, 1.25418425e-001, 2.91884303e-001,
       2.54947066e-001, 7.72427619e-002, 7.73156732e-002,
       1.22544914e-001, 1.45531401e-001, 2.98997134e-001,
       2.57007748e-001, 8.80229250e-002, 9.71287861e-002,
       1.41341120e-001, 1.63950339e-001, 2.90213585e-001,
       2.41085589e-001, 9.34288129e-002, 1.09952845e-001,
       9.63085890e-002, 1.11678727e-001, 2.97047645e-001,
       2.88218200e-001, 1.10582173e-001, 9.89032388e-002,
       9.63492617e-002, 1.09236106e-001, 3.04501683e-001,
       2.96228379e-001, 1.14198714e-001, 1.01264551e-001,
       9.78580341e-002, 1.11281462e-001, 2.95224786e-001,
       2.83816308e-001, 1.13469414e-001, 9.95789617e-002,
       8.88040066e-002, 1.00209013e-001, 2.97416747e-001,
       2.85146326e-001, 1.00951917e-001, 8.90433341e-002,
       9.40096006e-002, 1.10147297e-001, 3.06921840e-001,
       2.96203345e-001, 1.06818333e-001, 9.49786231e-002,
       9.34688523e-002, 1.09059267e-001, 3.00471932e-001,
       2.88528562e-001, 9.97341499e-002, 9.13212150e-002,
       7.18956068e-002, 9.35289413e-002, 3.05305451e-001,
       2.84078777e-001, 7.13863075e-002, 6.41688928e-002,
       7.47799650e-002, 9.93630067e-002, 2.90340662e-001,
       2.71098077e-001, 7.02978149e-002, 6.37363940e-002,
       1.59832641e-001, 1.43914893e-001, 2.44063646e-001,
       2.18510419e-001, 1.33843407e-001, 1.56700030e-001,
       1.49644598e-001, 1.38628975e-001, 2.45458096e-001,
       2.18146235e-001, 1.34593561e-001, 1.42382413e-001,
       2.04208151e-001, 1.61404610e-001, 2.26610094e-001,
       1.81623474e-001, 1.23468950e-001, 1.95267171e-001,
       2.00422943e-001, 1.63580716e-001, 2.29900897e-001,
       1.88323766e-001, 1.33341193e-001, 1.90920085e-001,
       1.57597095e-001, 1.59278601e-001, 2.51336038e-001,
       2.02038258e-001, 9.59055424e-002, 1.31007254e-001,
       1.71840668e-001, 1.82779834e-001, 2.56968528e-001,
       1.88960716e-001, 9.44819301e-002, 1.36454999e-001,
       1.97113648e-001, 1.72398910e-001, 2.23962396e-001,
       1.60511330e-001, 1.03931628e-001, 1.76096201e-001,
       2.09882945e-001, 1.92767307e-001, 2.32722029e-001,
       1.63636312e-001, 1.07295863e-001, 1.81655124e-001,
       1.66992694e-001, 1.27012804e-001, 2.00316668e-001,
       2.28518635e-001, 1.53839737e-001, 1.87678501e-001,
       1.71439022e-001, 1.21877015e-001, 1.92277923e-001,
       2.31020391e-001, 1.60676658e-001, 1.91117704e-001,
       1.21220410e-001, 1.23036228e-001, 2.35134587e-001,
       2.44038343e-001, 1.35118634e-001, 1.41193703e-001,
       1.23737670e-001, 1.16486043e-001, 2.31918991e-001,
       2.57923156e-001, 1.44052938e-001, 1.46056429e-001,
       1.45448551e-001, 8.03648606e-002, 1.44577578e-001,
       2.16153428e-001, 1.65581569e-001, 1.76838979e-001,
       1.96125776e-001, 1.33661926e-001, 2.03167275e-001,
       2.58723021e-001, 2.18885630e-001, 2.25947246e-001,
       1.14409752e-001, 8.04843605e-002, 1.73593700e-001,
       2.26637170e-001, 1.53456151e-001, 1.49908513e-001,
       1.54234990e-001, 1.13590531e-001, 2.13587940e-001,
       2.72146702e-001, 2.19821170e-001, 2.05397978e-001,
       7.95270279e-002, 8.60344097e-002, 2.70864129e-001,
       2.76464343e-001, 9.34564397e-002, 8.35026577e-002,
       6.74923584e-002, 7.26100728e-002, 2.81988293e-001,
       2.87722915e-001, 8.22798833e-002, 7.27780312e-002,
       1.17038541e-001, 1.23323061e-001, 2.87464440e-001,
       2.89498568e-001, 1.20021567e-001, 1.13637328e-001,
       1.13867901e-001, 1.20402202e-001, 3.02707791e-001,
       3.03805202e-001, 1.15890771e-001, 1.12322792e-001,
       5.98108061e-002, 6.84721917e-002, 2.60772556e-001,
       2.66392052e-001, 7.83900321e-002, 6.43345043e-002,
       6.52111620e-002, 7.67774954e-002, 3.09712648e-001,
       3.15862447e-001, 9.39672887e-002, 7.77695253e-002,
       9.57621485e-002, 1.04718499e-001, 2.83069223e-001,
       2.80326545e-001, 1.04367949e-001, 9.63933468e-002,
       8.84667933e-002, 1.03153497e-001, 3.22157443e-001,
       3.24224561e-001, 1.10625856e-001, 9.38431844e-002,
       8.46683532e-002, 1.01568431e-001, 2.70235866e-001,
       2.81508505e-001, 1.13977574e-001, 9.85630453e-002,
       8.49436074e-002, 9.50292274e-002, 2.77709633e-001,
       2.96944201e-001, 1.20823376e-001, 1.02260374e-001,
       8.39181691e-002, 9.89054516e-002, 2.85573453e-001,
       2.92442381e-001, 1.07955195e-001, 9.07548293e-002,
       7.66551718e-002, 8.75652432e-002, 2.97987729e-001,
       3.07031542e-001, 1.03422672e-001, 8.61283243e-002,
       9.34342518e-002, 8.12694728e-002, 2.21317947e-001,
       2.58689195e-001, 1.41025960e-001, 1.27916619e-001,
       1.27727777e-001, 1.04339145e-001, 2.64593631e-001,
       2.96528310e-001, 1.94783792e-001, 1.84529364e-001,
       7.54816011e-002, 7.81222209e-002, 2.46148631e-001,
       2.61599153e-001, 1.07054889e-001, 9.40622538e-002,
       9.23925638e-002, 9.06349346e-002, 2.85106450e-001,
       3.01099420e-001, 1.40041724e-001, 1.28108352e-001,
       1.01596691e-001, 1.10463284e-001, 2.70453870e-001,
       2.67086059e-001, 1.06310703e-001, 9.85266939e-002,
       1.05688132e-001, 1.22614011e-001, 2.91804522e-001,
       2.89609879e-001, 1.10589631e-001, 1.00233056e-001,
       1.00203045e-001, 1.08719118e-001, 2.77859867e-001,
       2.73651093e-001, 1.13130547e-001, 1.02432042e-001,
       1.04089648e-001, 1.20020427e-001, 2.96063781e-001,
       2.90971220e-001, 1.21966153e-001, 1.03581823e-001,
       9.70329493e-002, 1.16267547e-001, 2.68388122e-001,
       2.61178911e-001, 1.09056927e-001, 9.37852412e-002,
       9.55819190e-002, 1.18195988e-001, 3.02669227e-001,
       3.01252127e-001, 1.12261362e-001, 9.25895423e-002,
       1.01171330e-001, 1.24419197e-001, 2.74453044e-001,
       2.63808191e-001, 1.08234398e-001, 9.46312994e-002,
       1.02967754e-001, 1.34414822e-001, 3.07312816e-001,
       2.98949033e-001, 1.10255286e-001, 9.21606123e-002,
       7.95270279e-002, 8.60344097e-002, 2.70864129e-001,
       2.76464343e-001, 9.34564397e-002, 8.35026577e-002,
       6.74923584e-002, 7.26100728e-002, 2.81988293e-001,
       2.87722915e-001, 8.22798833e-002, 7.27780312e-002,
       1.17038541e-001, 1.23323061e-001, 2.87464440e-001,
       2.89498568e-001, 1.20021567e-001, 1.13637328e-001,
       1.13867901e-001, 1.20402202e-001, 3.02707791e-001,
       3.03805202e-001, 1.15890771e-001, 1.12322792e-001,
       5.98108061e-002, 6.84721917e-002, 2.60772556e-001,
       2.66392052e-001, 7.83900321e-002, 6.43345043e-002,
       6.52111620e-002, 7.67774954e-002, 3.09712648e-001,
       3.15862447e-001, 9.39672887e-002, 7.77695253e-002,
       9.57621485e-002, 1.04718499e-001, 2.83069223e-001,
       2.80326545e-001, 1.04367949e-001, 9.63933468e-002,
       8.84667933e-002, 1.03153497e-001, 3.22157443e-001,
       3.24224561e-001, 1.10625856e-001, 9.38431844e-002,
       1.04063191e-001, 1.08971760e-001, 2.92883217e-001,
       2.83901960e-001, 1.15519874e-001, 1.07619703e-001,
       1.05546653e-001, 1.12374626e-001, 3.08086365e-001,
       2.99069494e-001, 1.11042917e-001, 1.04422860e-001,
       8.50194842e-002, 9.26935822e-002, 2.85026461e-001,
       2.68996388e-001, 8.91255960e-002, 8.35714117e-002,
       7.73320869e-002, 8.98405537e-002, 2.98071027e-001,
       2.81576961e-001, 7.68311843e-002, 7.25481138e-002,
       9.54654366e-002, 1.08706586e-001, 2.88325518e-001,
       2.70359129e-001, 9.10636485e-002, 8.76178369e-002,
       9.29074362e-002, 1.18894286e-001, 3.30070704e-001,
       3.14004600e-001, 8.78891125e-002, 8.07287246e-002,
       7.09118769e-002, 9.16293114e-002, 2.83797890e-001,
       2.56379426e-001, 6.63683638e-002, 6.12435900e-002,
       8.45884532e-002, 1.07316591e-001, 3.22305709e-001,
       3.00983280e-001, 7.21172690e-002, 6.59058467e-002,
       1.01596691e-001, 1.10463284e-001, 2.70453870e-001,
       2.67086059e-001, 1.06310703e-001, 9.85266939e-002,
       1.05688132e-001, 1.22614011e-001, 2.91804522e-001,
       2.89609879e-001, 1.10589631e-001, 1.00233056e-001,
       1.00203045e-001, 1.08719118e-001, 2.77859867e-001,
       2.73651093e-001, 1.13130547e-001, 1.02432042e-001,
       1.04089648e-001, 1.20020427e-001, 2.96063781e-001,
       2.90971220e-001, 1.21966153e-001, 1.03581823e-001,
       9.70329493e-002, 1.16267547e-001, 2.68388122e-001,
       2.61178911e-001, 1.09056927e-001, 9.37852412e-002,
       9.55819190e-002, 1.18195988e-001, 3.02669227e-001,
       3.01252127e-001, 1.12261362e-001, 9.25895423e-002,
       1.01171330e-001, 1.24419197e-001, 2.74453044e-001,
       2.63808191e-001, 1.08234398e-001, 9.46312994e-002,
       1.02967754e-001, 1.34414822e-001, 3.07312816e-001,
       2.98949033e-001, 1.10255286e-001, 9.21606123e-002,
       8.77663717e-002, 1.02085292e-001, 2.87202716e-001,
       2.68171370e-001, 9.38996300e-002, 8.21786597e-002,
       8.48580450e-002, 1.04851052e-001, 3.08395207e-001,
       2.84344941e-001, 7.87728056e-002, 7.42066801e-002,
       1.13337010e-001, 1.25967190e-001, 2.84238160e-001,
       2.56770551e-001, 1.13228396e-001, 1.02565944e-001,
       1.18738391e-001, 1.38631180e-001, 3.03178400e-001,
       2.69796610e-001, 9.64317396e-002, 9.87713262e-002,
       9.43414196e-002, 1.10841274e-001, 2.67173886e-001,
       2.31997460e-001, 6.76276088e-002, 7.15541020e-002,
       1.23034544e-001, 1.41087577e-001, 3.01203042e-001,
       2.64957219e-001, 7.86291435e-002, 8.57139081e-002,
       1.40530914e-001, 1.58318892e-001, 2.74531424e-001,
       2.18085587e-001, 8.04739892e-002, 9.94420797e-002,
       1.93893403e-001, 2.05673099e-001, 2.98824102e-001,
       2.52266496e-001, 1.06443211e-001, 1.36268124e-001,
       1.04063191e-001, 1.08971760e-001, 2.92883217e-001,
       2.83901960e-001, 1.15519874e-001, 1.07619703e-001,
       1.05546653e-001, 1.12374626e-001, 3.08086365e-001,
       2.99069494e-001, 1.11042917e-001, 1.04422860e-001,
       8.50194842e-002, 9.26935822e-002, 2.85026461e-001,
       2.68996388e-001, 8.91255960e-002, 8.35714117e-002,
       7.73320869e-002, 8.98405537e-002, 2.98071027e-001,
       2.81576961e-001, 7.68311843e-002, 7.25481138e-002,
       9.54654366e-002, 1.08706586e-001, 2.88325518e-001,
       2.70359129e-001, 9.10636485e-002, 8.76178369e-002,
       9.29074362e-002, 1.18894286e-001, 3.30070704e-001,
       3.14004600e-001, 8.78891125e-002, 8.07287246e-002,
       7.09118769e-002, 9.16293114e-002, 2.83797890e-001,
       2.56379426e-001, 6.63683638e-002, 6.12435900e-002,
       8.45884532e-002, 1.07316591e-001, 3.22305709e-001,
       3.00983280e-001, 7.21172690e-002, 6.59058467e-002,
       1.49602145e-001, 1.42452583e-001, 2.39652663e-001,
       2.06029847e-001, 1.20565936e-001, 1.35782436e-001,
       1.54919744e-001, 1.54239684e-001, 2.55205333e-001,
       2.07658038e-001, 1.08344853e-001, 1.35149196e-001,
       1.99274749e-001, 1.66949362e-001, 2.28474170e-001,
       1.73866183e-001, 1.22809403e-001, 1.86735705e-001,
       2.01520622e-001, 1.76065326e-001, 2.31509775e-001,
       1.71496943e-001, 1.17863536e-001, 1.86556190e-001,
       1.52013078e-001, 1.61967859e-001, 2.30798349e-001,
       1.60456151e-001, 7.51413032e-002, 1.15084656e-001,
       2.04364583e-001, 2.20796496e-001, 2.66525835e-001,
       1.93783686e-001, 1.07179344e-001, 1.54251784e-001,
       1.82981610e-001, 1.80932313e-001, 2.24340498e-001,
       1.41881555e-001, 8.66816267e-002, 1.53351977e-001,
       2.30102405e-001, 2.26995260e-001, 2.57154584e-001,
       1.96730226e-001, 1.38070047e-001, 2.01149091e-001,
       1.67472899e-001, 1.04429342e-001, 1.77358493e-001,
       2.22892895e-001, 1.60782933e-001, 1.92026332e-001,
       1.75636694e-001, 1.02083884e-001, 1.69015348e-001,
       2.26026610e-001, 1.79891437e-001, 2.06659168e-001,
       1.25914425e-001, 1.01311192e-001, 2.23461553e-001,
       2.50402093e-001, 1.48647860e-001, 1.50522411e-001,
       1.36848018e-001, 1.01242855e-001, 2.05961794e-001,
       2.55625576e-001, 1.73601598e-001, 1.70922354e-001,
       1.71617195e-001, 1.14980362e-001, 1.69885024e-001,
       2.34914571e-001, 1.92708001e-001, 1.99419260e-001,
       1.66735440e-001, 1.22639984e-001, 2.00151324e-001,
       2.52470315e-001, 2.00238317e-001, 1.96043670e-001,
       1.44325808e-001, 1.03193477e-001, 1.82427451e-001,
       2.38389537e-001, 1.88690677e-001, 1.88460067e-001,
       1.52841419e-001, 1.19178846e-001, 2.13942155e-001,
       2.57811576e-001, 1.96793452e-001, 1.96741328e-001,
       6.04329854e-002, 6.82775751e-002, 2.89105266e-001,
       2.94644386e-001, 8.06492940e-002, 6.57397062e-002,
       6.06305674e-002, 7.03870207e-002, 2.74482846e-001,
       2.80427307e-001, 8.42732862e-002, 6.59678206e-002,
       1.04539916e-001, 1.16981655e-001, 3.05538088e-001,
       3.05182964e-001, 1.11338764e-001, 9.99537334e-002,
       9.96299908e-002, 1.12373821e-001, 2.98409492e-001,
       2.95521200e-001, 1.04683258e-001, 9.52263474e-002,
       5.87321073e-002, 6.43552244e-002, 2.93604732e-001,
       3.04806888e-001, 8.74565840e-002, 7.59812221e-002,
       6.51875064e-002, 6.69983402e-002, 3.00898433e-001,
       3.13396871e-001, 1.03583954e-001, 8.66323337e-002,
       7.85513148e-002, 8.47361758e-002, 3.06435555e-001,
       3.11590374e-001, 9.14745554e-002, 8.32314864e-002,
       7.24416226e-002, 7.99138471e-002, 3.17490220e-001,
       3.19628775e-001, 9.05185491e-002, 7.90746436e-002,
       8.72805342e-002, 8.64789709e-002, 2.69175172e-001,
       2.91187257e-001, 1.24737695e-001, 1.08201228e-001,
       1.02911308e-001, 9.18383300e-002, 2.51084507e-001,
       2.81620145e-001, 1.47941232e-001, 1.31845206e-001,
       7.12475032e-002, 8.13606754e-002, 2.90350050e-001,
       2.98739761e-001, 1.02229111e-001, 8.15529451e-002,
       8.07185844e-002, 8.63514766e-002, 2.73053110e-001,
       2.89861679e-001, 1.19309604e-001, 9.71849263e-002,
       1.20158032e-001, 8.91567618e-002, 2.23220930e-001,
       2.67073900e-001, 1.81829184e-001, 1.79759949e-001,
       1.45730078e-001, 1.12361155e-001, 2.43084937e-001,
       2.79535025e-001, 1.97879657e-001, 2.03028068e-001,
       8.12085420e-002, 7.14314729e-002, 2.50244617e-001,
       2.70118177e-001, 1.21309049e-001, 1.21739618e-001,
       9.20507014e-002, 7.86690786e-002, 2.55625308e-001,
       2.78937101e-001, 1.48452565e-001, 1.43563777e-001,
       9.70452949e-002, 1.18810967e-001, 2.85901189e-001,
       2.82345504e-001, 1.07140310e-001, 9.00556669e-002,
       9.69500542e-002, 1.19183823e-001, 2.84732759e-001,
       2.78040528e-001, 1.03858545e-001, 8.81076828e-002,
       9.45476368e-002, 1.17373347e-001, 2.90212154e-001,
       2.84486145e-001, 1.14744827e-001, 9.30126533e-002,
       9.71506834e-002, 1.20061390e-001, 2.87209392e-001,
       2.79704839e-001, 1.11850373e-001, 9.33504179e-002,
       9.27011520e-002, 1.07213534e-001, 3.02585036e-001,
       2.97772676e-001, 1.02192037e-001, 9.11013857e-002,
       7.52008259e-002, 8.72499719e-002, 3.05921197e-001,
       3.02230895e-001, 8.31888542e-002, 7.35772774e-002,
       1.01172134e-001, 1.21789560e-001, 3.07770431e-001,
       2.96670139e-001, 9.67434719e-002, 8.87346119e-002,
       8.14613774e-002, 1.00714542e-001, 3.09307069e-001,
       2.99389780e-001, 7.56828785e-002, 7.14166164e-002,
       6.04329854e-002, 6.82775751e-002, 2.89105266e-001,
       2.94644386e-001, 8.06492940e-002, 6.57397062e-002,
       6.06305674e-002, 7.03870207e-002, 2.74482846e-001,
       2.80427307e-001, 8.42732862e-002, 6.59678206e-002,
       1.04539916e-001, 1.16981655e-001, 3.05538088e-001,
       3.05182964e-001, 1.11338764e-001, 9.99537334e-002,
       9.96299908e-002, 1.12373821e-001, 2.98409492e-001,
       2.95521200e-001, 1.04683258e-001, 9.52263474e-002,
       5.87321073e-002, 6.43552244e-002, 2.93604732e-001,
       3.04806888e-001, 8.74565840e-002, 7.59812221e-002,
       6.51875064e-002, 6.69983402e-002, 3.00898433e-001,
       3.13396871e-001, 1.03583954e-001, 8.66323337e-002,
       7.85513148e-002, 8.47361758e-002, 3.06435555e-001,
       3.11590374e-001, 9.14745554e-002, 8.32314864e-002,
       7.24416226e-002, 7.99138471e-002, 3.17490220e-001,
       3.19628775e-001, 9.05185491e-002, 7.90746436e-002,
       9.40096006e-002, 1.10147297e-001, 3.06921840e-001,
       2.96203345e-001, 1.06818333e-001, 9.49786231e-002,
       9.34688523e-002, 1.09059267e-001, 3.00471932e-001,
       2.88528562e-001, 9.97341499e-002, 9.13212150e-002,
       7.18956068e-002, 9.35289413e-002, 3.05305451e-001,
       2.84078777e-001, 7.13863075e-002, 6.41688928e-002,
       7.47799650e-002, 9.93630067e-002, 2.90340662e-001,
       2.71098077e-001, 7.02978149e-002, 6.37363940e-002,
       8.54739472e-002, 1.02561608e-001, 3.19706321e-001,
       2.94983178e-001, 7.23220184e-002, 7.19392896e-002,
       7.76020437e-002, 9.62853208e-002, 3.26739430e-001,
       3.06216776e-001, 6.43414408e-002, 6.54171258e-002,
       8.08232725e-002, 9.94764119e-002, 3.15338999e-001,
       2.81827539e-001, 6.22063316e-002, 5.96979298e-002,
       8.77734423e-002, 1.15571022e-001, 3.23273242e-001,
       2.91154414e-001, 6.51838034e-002, 6.55854121e-002,
       9.70452949e-002, 1.18810967e-001, 2.85901189e-001,
       2.82345504e-001, 1.07140310e-001, 9.00556669e-002,
       9.69500542e-002, 1.19183823e-001, 2.84732759e-001,
       2.78040528e-001, 1.03858545e-001, 8.81076828e-002,
       9.45476368e-002, 1.17373347e-001, 2.90212154e-001,
       2.84486145e-001, 1.14744827e-001, 9.30126533e-002,
       9.71506834e-002, 1.20061390e-001, 2.87209392e-001,
       2.79704839e-001, 1.11850373e-001, 9.33504179e-002,
       9.27011520e-002, 1.07213534e-001, 3.02585036e-001,
       2.97772676e-001, 1.02192037e-001, 9.11013857e-002,
       7.52008259e-002, 8.72499719e-002, 3.05921197e-001,
       3.02230895e-001, 8.31888542e-002, 7.35772774e-002,
       1.01172134e-001, 1.21789560e-001, 3.07770431e-001,
       2.96670139e-001, 9.67434719e-002, 8.87346119e-002,
       8.14613774e-002, 1.00714542e-001, 3.09307069e-001,
       2.99389780e-001, 7.56828785e-002, 7.14166164e-002,
       8.17291513e-002, 1.06213428e-001, 2.98547894e-001,
       2.72753239e-001, 7.31632560e-002, 6.83140531e-002,
       9.84385461e-002, 1.25418425e-001, 2.91884303e-001,
       2.54947066e-001, 7.72427619e-002, 7.73156732e-002,
       1.22544914e-001, 1.45531401e-001, 2.98997134e-001,
       2.57007748e-001, 8.80229250e-002, 9.71287861e-002,
       1.41341120e-001, 1.63950339e-001, 2.90213585e-001,
       2.41085589e-001, 9.34288129e-002, 1.09952845e-001,
       1.18671395e-001, 1.23310886e-001, 2.74395645e-001,
       2.31810808e-001, 6.57314584e-002, 7.73146898e-002,
       1.35282010e-001, 1.47950411e-001, 2.86825538e-001,
       2.36297250e-001, 6.86296076e-002, 8.27123821e-002,
       1.88084602e-001, 1.95340216e-001, 2.78748631e-001,
       2.16890946e-001, 9.44435894e-002, 1.28724277e-001,
       2.01256692e-001, 2.07629949e-001, 2.91663826e-001,
       2.33548164e-001, 1.07455023e-001, 1.43357232e-001,
       9.40096006e-002, 1.10147297e-001, 3.06921840e-001,
       2.96203345e-001, 1.06818333e-001, 9.49786231e-002,
       9.34688523e-002, 1.09059267e-001, 3.00471932e-001,
       2.88528562e-001, 9.97341499e-002, 9.13212150e-002,
       7.18956068e-002, 9.35289413e-002, 3.05305451e-001,
       2.84078777e-001, 7.13863075e-002, 6.41688928e-002,
       7.47799650e-002, 9.93630067e-002, 2.90340662e-001,
       2.71098077e-001, 7.02978149e-002, 6.37363940e-002,
       8.54739472e-002, 1.02561608e-001, 3.19706321e-001,
       2.94983178e-001, 7.23220184e-002, 7.19392896e-002,
       7.76020437e-002, 9.62853208e-002, 3.26739430e-001,
       3.06216776e-001, 6.43414408e-002, 6.54171258e-002,
       8.08232725e-002, 9.94764119e-002, 3.15338999e-001,
       2.81827539e-001, 6.22063316e-002, 5.96979298e-002,
       8.77734423e-002, 1.15571022e-001, 3.23273242e-001,
       2.91154414e-001, 6.51838034e-002, 6.55854121e-002,
       1.57597095e-001, 1.59278601e-001, 2.51336038e-001,
       2.02038258e-001, 9.59055424e-002, 1.31007254e-001,
       1.71840668e-001, 1.82779834e-001, 2.56968528e-001,
       1.88960716e-001, 9.44819301e-002, 1.36454999e-001,
       1.97113648e-001, 1.72398910e-001, 2.23962396e-001,
       1.60511330e-001, 1.03931628e-001, 1.76096201e-001,
       2.09882945e-001, 1.92767307e-001, 2.32722029e-001,
       1.63636312e-001, 1.07295863e-001, 1.81655124e-001,
       1.90158561e-001, 1.91604540e-001, 2.42556423e-001,
       1.68139920e-001, 9.91020352e-002, 1.43746421e-001,
       1.87188581e-001, 1.93902776e-001, 2.62064368e-001,
       1.94555044e-001, 1.02880351e-001, 1.38414562e-001,
       2.06298843e-001, 2.05376700e-001, 2.43283033e-001,
       1.69457540e-001, 1.18644036e-001, 1.77524745e-001,
       1.93448842e-001, 2.08564311e-001, 2.58081257e-001,
       1.90978602e-001, 1.15598157e-001, 1.61947966e-001,
       1.45448551e-001, 8.03648606e-002, 1.44577578e-001,
       2.16153428e-001, 1.65581569e-001, 1.76838979e-001,
       1.96125776e-001, 1.33661926e-001, 2.03167275e-001,
       2.58723021e-001, 2.18885630e-001, 2.25947246e-001,
       1.14409752e-001, 8.04843605e-002, 1.73593700e-001,
       2.26637170e-001, 1.53456151e-001, 1.49908513e-001,
       1.54234990e-001, 1.13590531e-001, 2.13587940e-001,
       2.72146702e-001, 2.19821170e-001, 2.05397978e-001,
       1.44574180e-001, 1.08243227e-001, 2.11534396e-001,
       2.74672508e-001, 1.98925138e-001, 1.80353925e-001,
       1.34098157e-001, 9.79684144e-002, 1.96503505e-001,
       2.61196494e-001, 1.70889586e-001, 1.68023571e-001,
       1.37785167e-001, 1.11597002e-001, 2.38184705e-001,
       2.75658578e-001, 1.86077669e-001, 1.80129245e-001,
       1.09108835e-001, 8.66107047e-002, 2.16724038e-001,
       2.65556753e-001, 1.50350109e-001, 1.47203624e-001,
       5.98108061e-002, 6.84721917e-002, 2.60772556e-001,
       2.66392052e-001, 7.83900321e-002, 6.43345043e-002,
       6.52111620e-002, 7.67774954e-002, 3.09712648e-001,
       3.15862447e-001, 9.39672887e-002, 7.77695253e-002,
       9.57621485e-002, 1.04718499e-001, 2.83069223e-001,
       2.80326545e-001, 1.04367949e-001, 9.63933468e-002,
       8.84667933e-002, 1.03153497e-001, 3.22157443e-001,
       3.24224561e-001, 1.10625856e-001, 9.38431844e-002,
       4.94226217e-002, 5.25163710e-002, 2.92713970e-001,
       3.08856815e-001, 8.48133191e-002, 7.01347888e-002,
       1.03813075e-001, 7.44077563e-002, 3.14789057e-001,
       3.21591258e-001, 7.42088109e-002, 9.43412632e-002,
       4.81094755e-002, 5.61154112e-002, 3.16868007e-001,
       3.18074822e-001, 6.37619346e-002, 5.38910069e-002,
       1.23650879e-001, 7.68647715e-002, 3.38389039e-001,
       3.38465899e-001, 5.03092445e-002, 9.81615856e-002,
       9.34342518e-002, 8.12694728e-002, 2.21317947e-001,
       2.58689195e-001, 1.41025960e-001, 1.27916619e-001,
       1.27727777e-001, 1.04339145e-001, 2.64593631e-001,
       2.96528310e-001, 1.94783792e-001, 1.84529364e-001,
       7.54816011e-002, 7.81222209e-002, 2.46148631e-001,
       2.61599153e-001, 1.07054889e-001, 9.40622538e-002,
       9.23925638e-002, 9.06349346e-002, 2.85106450e-001,
       3.01099420e-001, 1.40041724e-001, 1.28108352e-001,
       1.28494591e-001, 1.03426337e-001, 2.56273061e-001,
       2.91248202e-001, 1.85467914e-001, 1.87204435e-001,
       1.07241213e-001, 8.87898281e-002, 2.43412226e-001,
       2.80341953e-001, 1.46386102e-001, 1.52549386e-001,
       8.28611329e-002, 7.46112987e-002, 2.68029302e-001,
       2.89771795e-001, 1.46357626e-001, 1.36038557e-001,
       7.23666698e-002, 7.17906430e-002, 2.60630667e-001,
       2.86329091e-001, 1.19886786e-001, 1.10432290e-001,
       9.70329493e-002, 1.16267547e-001, 2.68388122e-001,
       2.61178911e-001, 1.09056927e-001, 9.37852412e-002,
       9.55819190e-002, 1.18195988e-001, 3.02669227e-001,
       3.01252127e-001, 1.12261362e-001, 9.25895423e-002,
       1.01171330e-001, 1.24419197e-001, 2.74453044e-001,
       2.63808191e-001, 1.08234398e-001, 9.46312994e-002,
       1.02967754e-001, 1.34414822e-001, 3.07312816e-001,
       2.98949033e-001, 1.10255286e-001, 9.21606123e-002,
       4.63019088e-002, 5.79594113e-002, 3.20602626e-001,
       3.14204752e-001, 5.64666279e-002, 4.78614382e-002,
       3.27797085e-002, 3.62414345e-002, 3.55120808e-001,
       3.54689151e-001, 3.20877545e-002, 2.96924375e-002,
       5.09607568e-002, 6.59971237e-002, 3.27920884e-001,
       3.12532723e-001, 5.02953120e-002, 4.48510200e-002,
       3.17302085e-002, 3.66302952e-002, 3.55682403e-001,
       3.54520887e-001, 3.53742875e-002, 3.50853838e-002,
       5.98108061e-002, 6.84721917e-002, 2.60772556e-001,
       2.66392052e-001, 7.83900321e-002, 6.43345043e-002,
       6.52111620e-002, 7.67774954e-002, 3.09712648e-001,
       3.15862447e-001, 9.39672887e-002, 7.77695253e-002,
       9.57621485e-002, 1.04718499e-001, 2.83069223e-001,
       2.80326545e-001, 1.04367949e-001, 9.63933468e-002,
       8.84667933e-002, 1.03153497e-001, 3.22157443e-001,
       3.24224561e-001, 1.10625856e-001, 9.38431844e-002,
       4.94226217e-002, 5.25163710e-002, 2.92713970e-001,
       3.08856815e-001, 8.48133191e-002, 7.01347888e-002,
       1.03813075e-001, 7.44077563e-002, 3.14789057e-001,
       3.21591258e-001, 7.42088109e-002, 9.43412632e-002,
       4.81094755e-002, 5.61154112e-002, 3.16868007e-001,
       3.18074822e-001, 6.37619346e-002, 5.38910069e-002,
       1.23650879e-001, 7.68647715e-002, 3.38389039e-001,
       3.38465899e-001, 5.03092445e-002, 9.81615856e-002,
       9.54654366e-002, 1.08706586e-001, 2.88325518e-001,
       2.70359129e-001, 9.10636485e-002, 8.76178369e-002,
       9.29074362e-002, 1.18894286e-001, 3.30070704e-001,
       3.14004600e-001, 8.78891125e-002, 8.07287246e-002,
       7.09118769e-002, 9.16293114e-002, 2.83797890e-001,
       2.56379426e-001, 6.63683638e-002, 6.12435900e-002,
       8.45884532e-002, 1.07316591e-001, 3.22305709e-001,
       3.00983280e-001, 7.21172690e-002, 6.59058467e-002,
       5.06895892e-002, 6.68798983e-002, 3.24452817e-001,
       3.03651422e-001, 4.62510474e-002, 4.33063954e-002,
       9.86994058e-002, 5.31658716e-002, 3.39218467e-001,
       3.35220754e-001, 7.22766370e-002, 1.24389954e-001,
       6.99060783e-002, 9.44588706e-002, 3.22389185e-001,
       2.85293132e-001, 5.09935208e-002, 4.94487211e-002,
       9.99653786e-002, 8.23444575e-002, 3.27582270e-001,
       3.04791987e-001, 7.57132545e-002, 1.11015342e-001,
       9.70329493e-002, 1.16267547e-001, 2.68388122e-001,
       2.61178911e-001, 1.09056927e-001, 9.37852412e-002,
       9.55819190e-002, 1.18195988e-001, 3.02669227e-001,
       3.01252127e-001, 1.12261362e-001, 9.25895423e-002,
       1.01171330e-001, 1.24419197e-001, 2.74453044e-001,
       2.63808191e-001, 1.08234398e-001, 9.46312994e-002,
       1.02967754e-001, 1.34414822e-001, 3.07312816e-001,
       2.98949033e-001, 1.10255286e-001, 9.21606123e-002,
       4.63019088e-002, 5.79594113e-002, 3.20602626e-001,
       3.14204752e-001, 5.64666279e-002, 4.78614382e-002,
       3.27797085e-002, 3.62414345e-002, 3.55120808e-001,
       3.54689151e-001, 3.20877545e-002, 2.96924375e-002,
       5.09607568e-002, 6.59971237e-002, 3.27920884e-001,
       3.12532723e-001, 5.02953120e-002, 4.48510200e-002,
       3.17302085e-002, 3.66302952e-002, 3.55682403e-001,
       3.54520887e-001, 3.53742875e-002, 3.50853838e-002,
       9.43414196e-002, 1.10841274e-001, 2.67173886e-001,
       2.31997460e-001, 6.76276088e-002, 7.15541020e-002,
       1.23034544e-001, 1.41087577e-001, 3.01203042e-001,
       2.64957219e-001, 7.86291435e-002, 8.57139081e-002,
       1.40530914e-001, 1.58318892e-001, 2.74531424e-001,
       2.18085587e-001, 8.04739892e-002, 9.94420797e-002,
       1.93893403e-001, 2.05673099e-001, 2.98824102e-001,
       2.52266496e-001, 1.06443211e-001, 1.36268124e-001,
       1.27723515e-001, 1.48371503e-001, 2.99460351e-001,
       2.57005453e-001, 6.57866150e-002, 7.53550455e-002,
       1.05750948e-001, 1.20323606e-001, 2.91019082e-001,
       2.43323401e-001, 6.67653754e-002, 7.05859065e-002,
       1.84619352e-001, 1.98140979e-001, 3.02345723e-001,
       2.49658868e-001, 9.84792411e-002, 1.25180438e-001,
       1.57142758e-001, 1.57297537e-001, 2.88933218e-001,
       2.32214287e-001, 8.98069590e-002, 1.13295279e-001,
       9.54654366e-002, 1.08706586e-001, 2.88325518e-001,
       2.70359129e-001, 9.10636485e-002, 8.76178369e-002,
       9.29074362e-002, 1.18894286e-001, 3.30070704e-001,
       3.14004600e-001, 8.78891125e-002, 8.07287246e-002,
       7.09118769e-002, 9.16293114e-002, 2.83797890e-001,
       2.56379426e-001, 6.63683638e-002, 6.12435900e-002,
       8.45884532e-002, 1.07316591e-001, 3.22305709e-001,
       3.00983280e-001, 7.21172690e-002, 6.59058467e-002,
       5.06895892e-002, 6.68798983e-002, 3.24452817e-001,
       3.03651422e-001, 4.62510474e-002, 4.33063954e-002,
       9.86994058e-002, 5.31658716e-002, 3.39218467e-001,
       3.35220754e-001, 7.22766370e-002, 1.24389954e-001,
       6.99060783e-002, 9.44588706e-002, 3.22389185e-001,
       2.85293132e-001, 5.09935208e-002, 4.94487211e-002,
       9.99653786e-002, 8.23444575e-002, 3.27582270e-001,
       3.04791987e-001, 7.57132545e-002, 1.11015342e-001,
       1.52013078e-001, 1.61967859e-001, 2.30798349e-001,
       1.60456151e-001, 7.51413032e-002, 1.15084656e-001,
       2.04364583e-001, 2.20796496e-001, 2.66525835e-001,
       1.93783686e-001, 1.07179344e-001, 1.54251784e-001,
       1.82981610e-001, 1.80932313e-001, 2.24340498e-001,
       1.41881555e-001, 8.66816267e-002, 1.53351977e-001,
       2.30102405e-001, 2.26995260e-001, 2.57154584e-001,
       1.96730226e-001, 1.38070047e-001, 2.01149091e-001,
       1.73597708e-001, 1.86624363e-001, 2.76942670e-001,
       2.19743952e-001, 9.81025547e-002, 1.27997473e-001,
       1.52384236e-001, 1.53873444e-001, 2.63082534e-001,
       1.95993170e-001, 8.42013955e-002, 1.14281394e-001,
       1.86967686e-001, 2.11531416e-001, 2.78109610e-001,
       2.02798352e-001, 1.07320480e-001, 1.49703681e-001,
       1.84327915e-001, 1.82826027e-001, 2.60823041e-001,
       1.89267740e-001, 1.07142471e-001, 1.52538821e-001,
       1.71617195e-001, 1.14980362e-001, 1.69885024e-001,
       2.34914571e-001, 1.92708001e-001, 1.99419260e-001,
       1.66735440e-001, 1.22639984e-001, 2.00151324e-001,
       2.52470315e-001, 2.00238317e-001, 1.96043670e-001,
       1.44325808e-001, 1.03193477e-001, 1.82427451e-001,
       2.38389537e-001, 1.88690677e-001, 1.88460067e-001,
       1.52841419e-001, 1.19178846e-001, 2.13942155e-001,
       2.57811576e-001, 1.96793452e-001, 1.96741328e-001,
       1.74150646e-001, 1.28658786e-001, 2.13112429e-001,
       2.61632800e-001, 2.01932192e-001, 2.09474638e-001,
       1.49693027e-001, 1.10828966e-001, 2.06135452e-001,
       2.49284118e-001, 1.72172561e-001, 1.78021088e-001,
       1.38950333e-001, 1.09092623e-001, 2.24080399e-001,
       2.57170916e-001, 1.72089383e-001, 1.77319989e-001,
       1.25277564e-001, 9.89007652e-002, 2.27190316e-001,
       2.55063772e-001, 1.47391528e-001, 1.52703881e-001,
       5.87321073e-002, 6.43552244e-002, 2.93604732e-001,
       3.04806888e-001, 8.74565840e-002, 7.59812221e-002,
       6.51875064e-002, 6.69983402e-002, 3.00898433e-001,
       3.13396871e-001, 1.03583954e-001, 8.66323337e-002,
       7.85513148e-002, 8.47361758e-002, 3.06435555e-001,
       3.11590374e-001, 9.14745554e-002, 8.32314864e-002,
       7.24416226e-002, 7.99138471e-002, 3.17490220e-001,
       3.19628775e-001, 9.05185491e-002, 7.90746436e-002,
       1.81900769e-001, 7.28242099e-002, 2.45504379e-001,
       2.42426246e-001, 6.21766113e-002, 1.65023565e-001,
       2.04276592e-001, 6.22493774e-002, 2.22885057e-001,
       2.30174705e-001, 8.20567757e-002, 2.12478116e-001,
       2.21792191e-001, 6.63649589e-002, 2.86627740e-001,
       2.86051512e-001, 3.29299085e-002, 1.94672048e-001,
       2.41138622e-001, 4.87040393e-002, 2.80979753e-001,
       2.83132911e-001, 6.41034469e-002, 2.42633566e-001,
       1.20158032e-001, 8.91567618e-002, 2.23220930e-001,
       2.67073900e-001, 1.81829184e-001, 1.79759949e-001,
       1.45730078e-001, 1.12361155e-001, 2.43084937e-001,
       2.79535025e-001, 1.97879657e-001, 2.03028068e-001,
       8.12085420e-002, 7.14314729e-002, 2.50244617e-001,
       2.70118177e-001, 1.21309049e-001, 1.21739618e-001,
       9.20507014e-002, 7.86690786e-002, 2.55625308e-001,
       2.78937101e-001, 1.48452565e-001, 1.43563777e-001,
       1.35011688e-001, 1.10732868e-001, 2.50251740e-001,
       2.75157690e-001, 1.67497218e-001, 1.78510398e-001,
       1.27982229e-001, 1.09215595e-001, 2.50973344e-001,
       2.69972026e-001, 1.48757979e-001, 1.59034282e-001,
       1.05426811e-001, 9.92545560e-002, 2.62852967e-001,
       2.73903787e-001, 1.39065012e-001, 1.41685665e-001,
       1.09541140e-001, 1.00613222e-001, 2.59707868e-001,
       2.67740160e-001, 1.36721164e-001, 1.41493648e-001,
       9.27011520e-002, 1.07213534e-001, 3.02585036e-001,
       2.97772676e-001, 1.02192037e-001, 9.11013857e-002,
       7.52008259e-002, 8.72499719e-002, 3.05921197e-001,
       3.02230895e-001, 8.31888542e-002, 7.35772774e-002,
       1.01172134e-001, 1.21789560e-001, 3.07770431e-001,
       2.96670139e-001, 9.67434719e-002, 8.87346119e-002,
       8.14613774e-002, 1.00714542e-001, 3.09307069e-001,
       2.99389780e-001, 7.56828785e-002, 7.14166164e-002,
       5.01170158e-002, 2.06087213e-002, 3.47563833e-001,
       3.47633332e-001, 1.45456800e-002, 4.35648412e-002,
       5.29782176e-002, 1.66109446e-002, 3.40775013e-001,
       3.40822875e-001, 1.83181185e-002, 5.38725890e-002,
       4.90694270e-002, 1.70138068e-002, 3.47913504e-001,
       3.47890586e-001, 2.11714655e-002, 5.63927963e-002,
       5.95042706e-002, 1.83863603e-002, 3.40780228e-001,
       3.40764701e-001, 1.45693757e-002, 5.83313182e-002,
       5.87321073e-002, 6.43552244e-002, 2.93604732e-001,
       3.04806888e-001, 8.74565840e-002, 7.59812221e-002,
       6.51875064e-002, 6.69983402e-002, 3.00898433e-001,
       3.13396871e-001, 1.03583954e-001, 8.66323337e-002,
       7.85513148e-002, 8.47361758e-002, 3.06435555e-001,
       3.11590374e-001, 9.14745554e-002, 8.32314864e-002,
       7.24416226e-002, 7.99138471e-002, 3.17490220e-001,
       3.19628775e-001, 9.05185491e-002, 7.90746436e-002,
       1.81900769e-001, 7.28242099e-002, 2.45504379e-001,
       2.42426246e-001, 6.21766113e-002, 1.65023565e-001,
       2.04276592e-001, 6.22493774e-002, 2.22885057e-001,
       2.30174705e-001, 8.20567757e-002, 2.12478116e-001,
       2.21792191e-001, 6.63649589e-002, 2.86627740e-001,
       2.86051512e-001, 3.29299085e-002, 1.94672048e-001,
       2.41138622e-001, 4.87040393e-002, 2.80979753e-001,
       2.83132911e-001, 6.41034469e-002, 2.42633566e-001,
       8.54739472e-002, 1.02561608e-001, 3.19706321e-001,
       2.94983178e-001, 7.23220184e-002, 7.19392896e-002,
       7.76020437e-002, 9.62853208e-002, 3.26739430e-001,
       3.06216776e-001, 6.43414408e-002, 6.54171258e-002,
       8.08232725e-002, 9.94764119e-002, 3.15338999e-001,
       2.81827539e-001, 6.22063316e-002, 5.96979298e-002,
       8.77734423e-002, 1.15571022e-001, 3.23273242e-001,
       2.91154414e-001, 6.51838034e-002, 6.55854121e-002,
       1.98368758e-001, 3.63374464e-002, 2.80480266e-001,
       2.79833376e-001, 6.51730895e-002, 2.22660989e-001,
       2.40430459e-001, 6.19412959e-002, 2.76496381e-001,
       2.69756943e-001, 4.18597721e-002, 2.38385275e-001,
       1.80125669e-001, 7.20732585e-002, 2.45914683e-001,
       2.35751718e-001, 7.62657598e-002, 1.94997206e-001,
       2.19684988e-001, 9.12866667e-002, 2.44548038e-001,
       2.16379434e-001, 6.21458329e-002, 2.12842137e-001,
       9.27011520e-002, 1.07213534e-001, 3.02585036e-001,
       2.97772676e-001, 1.02192037e-001, 9.11013857e-002,
       7.52008259e-002, 8.72499719e-002, 3.05921197e-001,
       3.02230895e-001, 8.31888542e-002, 7.35772774e-002,
       1.01172134e-001, 1.21789560e-001, 3.07770431e-001,
       2.96670139e-001, 9.67434719e-002, 8.87346119e-002,
       8.14613774e-002, 1.00714542e-001, 3.09307069e-001,
       2.99389780e-001, 7.56828785e-002, 7.14166164e-002,
       5.01170158e-002, 2.06087213e-002, 3.47563833e-001,
       3.47633332e-001, 1.45456800e-002, 4.35648412e-002,
       5.29782176e-002, 1.66109446e-002, 3.40775013e-001,
       3.40822875e-001, 1.83181185e-002, 5.38725890e-002,
       4.90694270e-002, 1.70138068e-002, 3.47913504e-001,
       3.47890586e-001, 2.11714655e-002, 5.63927963e-002,
       5.95042706e-002, 1.83863603e-002, 3.40780228e-001,
       3.40764701e-001, 1.45693757e-002, 5.83313182e-002,
       1.18671395e-001, 1.23310886e-001, 2.74395645e-001,
       2.31810808e-001, 6.57314584e-002, 7.73146898e-002,
       1.35282010e-001, 1.47950411e-001, 2.86825538e-001,
       2.36297250e-001, 6.86296076e-002, 8.27123821e-002,
       1.88084602e-001, 1.95340216e-001, 2.78748631e-001,
       2.16890946e-001, 9.44435894e-002, 1.28724277e-001,
       2.01256692e-001, 2.07629949e-001, 2.91663826e-001,
       2.33548164e-001, 1.07455023e-001, 1.43357232e-001,
       1.46028340e-001, 1.44300699e-001, 2.70353436e-001,
       2.42870271e-001, 9.57727209e-002, 1.09267250e-001,
       1.35302544e-001, 1.42901510e-001, 2.74840891e-001,
       2.51765192e-001, 9.36725661e-002, 1.04503080e-001,
       1.88645288e-001, 1.84877425e-001, 2.79005826e-001,
       2.40706503e-001, 1.17460370e-001, 1.47373155e-001,
       1.59374326e-001, 1.63184449e-001, 2.81382442e-001,
       2.49406904e-001, 1.09088264e-001, 1.28282055e-001,
       8.54739472e-002, 1.02561608e-001, 3.19706321e-001,
       2.94983178e-001, 7.23220184e-002, 7.19392896e-002,
       7.76020437e-002, 9.62853208e-002, 3.26739430e-001,
       3.06216776e-001, 6.43414408e-002, 6.54171258e-002,
       8.08232725e-002, 9.94764119e-002, 3.15338999e-001,
       2.81827539e-001, 6.22063316e-002, 5.96979298e-002,
       8.77734423e-002, 1.15571022e-001, 3.23273242e-001,
       2.91154414e-001, 6.51838034e-002, 6.55854121e-002,
       1.98368758e-001, 3.63374464e-002, 2.80480266e-001,
       2.79833376e-001, 6.51730895e-002, 2.22660989e-001,
       2.40430459e-001, 6.19412959e-002, 2.76496381e-001,
       2.69756943e-001, 4.18597721e-002, 2.38385275e-001,
       1.80125669e-001, 7.20732585e-002, 2.45914683e-001,
       2.35751718e-001, 7.62657598e-002, 1.94997206e-001,
       2.19684988e-001, 9.12866667e-002, 2.44548038e-001,
       2.16379434e-001, 6.21458329e-002, 2.12842137e-001,
       1.90158561e-001, 1.91604540e-001, 2.42556423e-001,
       1.68139920e-001, 9.91020352e-002, 1.43746421e-001,
       1.87188581e-001, 1.93902776e-001, 2.62064368e-001,
       1.94555044e-001, 1.02880351e-001, 1.38414562e-001,
       2.06298843e-001, 2.05376700e-001, 2.43283033e-001,
       1.69457540e-001, 1.18644036e-001, 1.77524745e-001,
       1.93448842e-001, 2.08564311e-001, 2.58081257e-001,
       1.90978602e-001, 1.15598157e-001, 1.61947966e-001,
       1.84641123e-001, 1.76433161e-001, 2.57849902e-001,
       2.09194884e-001, 1.07895128e-001, 1.48071736e-001,
       1.48572505e-001, 1.45224169e-001, 2.57466316e-001,
       2.13791311e-001, 8.88745561e-002, 1.19846717e-001,
       2.18881324e-001, 2.11347014e-001, 2.61995047e-001,
       2.09536761e-001, 1.34329692e-001, 1.86876848e-001,
       1.78538948e-001, 1.72757804e-001, 2.55167186e-001,
       2.01429635e-001, 1.06457554e-001, 1.51376307e-001 ]
