%YAML:1.0 VehicleClassify_model:2.0.0.8.1 VehicleClassify_model(2.0.0.8)
Mean_vt: !!opencv-matrix
   rows: 1
   cols: 3200
   dt: f
   data: [ 8.43055323e-002, 8.01741481e-002, 1.02431394e-001,
       1.76127493e-001, 1.74315751e-001, 9.55642685e-002,
       7.05357715e-002, 7.88916647e-002, 1.00377314e-001,
       1.00428931e-001, 1.13866553e-001, 1.80556417e-001,
       1.78391248e-001, 9.81526747e-002, 7.72117153e-002,
       8.43840912e-002, 8.99454877e-002, 9.11408439e-002,
       1.19646043e-001, 1.93231106e-001, 1.85567781e-001,
       9.71546173e-002, 7.13015050e-002, 8.21145326e-002,
       1.09512739e-001, 1.14587218e-001, 1.32507160e-001,
       1.98890552e-001, 1.93534777e-001, 1.06726415e-001,
       8.29140395e-002, 9.28003713e-002, 1.33201078e-001,
       1.08985022e-001, 1.04727656e-001, 1.51977226e-001,
       1.41987711e-001, 8.07725936e-002, 7.53397942e-002,
       1.05736546e-001, 1.40843347e-001, 1.06887937e-001,
       1.03245899e-001, 1.45521596e-001, 1.37628317e-001,
       8.43172744e-002, 8.10570642e-002, 1.17160253e-001,
       1.45328835e-001, 1.25343874e-001, 1.17167987e-001,
       1.66099578e-001, 1.57305002e-001, 8.67662206e-002,
       7.91809708e-002, 1.15045667e-001, 1.51231959e-001,
       1.20573238e-001, 1.09079622e-001, 1.58174798e-001,
       1.54453725e-001, 9.03659388e-002, 8.58947635e-002,
       1.25859335e-001, 5.67772686e-002, 5.67444935e-002,
       8.98234397e-002, 2.17754468e-001, 2.08777800e-001,
       6.99864253e-002, 4.39711288e-002, 5.34847341e-002,
       5.43458164e-002, 6.19853735e-002, 9.66927260e-002,
       2.39637539e-001, 2.29859948e-001, 7.38064647e-002,
       4.82845344e-002, 5.03514148e-002, 5.75687289e-002,
       5.55479415e-002, 9.03418064e-002, 2.30006859e-001,
       2.23767504e-001, 7.35244229e-002, 4.52307835e-002,
       5.43332584e-002, 5.70143610e-002, 6.29739389e-002,
       9.85581055e-002, 2.44551435e-001, 2.39346698e-001,
       8.05367753e-002, 5.07901721e-002, 5.26790693e-002,
       5.91866933e-002, 6.24853075e-002, 8.73896331e-002,
       2.21090987e-001, 2.14958534e-001, 7.01403990e-002,
       4.89847995e-002, 5.37929721e-002, 6.30950853e-002,
       6.65503368e-002, 8.52378905e-002, 2.19896719e-001,
       2.15473235e-001, 7.26243258e-002, 5.20837270e-002,
       5.62068112e-002, 6.06764257e-002, 6.15601130e-002,
       9.14674252e-002, 2.30171740e-001, 2.24011049e-001,
       7.65621960e-002, 5.13671078e-002, 5.66272587e-002,
       6.20507188e-002, 6.14276230e-002, 8.62664729e-002,
       2.30705485e-001, 2.26760373e-001, 7.43851513e-002,
       5.12538329e-002, 5.68899699e-002, 6.78255633e-002,
       7.20560253e-002, 1.09161690e-001, 2.06439987e-001,
       1.94157764e-001, 7.51912743e-002, 5.21003716e-002,
       6.24350309e-002, 7.81649426e-002, 8.90864506e-002,
       1.22231334e-001, 2.23124191e-001, 2.11339012e-001,
       8.58177468e-002, 6.21784106e-002, 6.76051155e-002,
       6.56365529e-002, 6.94411919e-002, 1.07788973e-001,
       2.14491785e-001, 2.02238277e-001, 7.59492815e-002,
       5.12229241e-002, 6.13496266e-002, 6.78323805e-002,
       7.85000846e-002, 1.15213715e-001, 2.29551390e-001,
       2.20323533e-001, 8.41449499e-002, 5.86877912e-002,
       6.20911680e-002, 9.81436148e-002, 8.88723955e-002,
       9.92353112e-002, 1.94015622e-001, 1.88597634e-001,
       8.29368159e-002, 6.60698861e-002, 8.03115517e-002,
       9.58269536e-002, 8.92616138e-002, 9.88291949e-002,
       1.94752246e-001, 1.90236256e-001, 8.74850452e-002,
       7.05009699e-002, 8.05784017e-002, 7.77063519e-002,
       8.01966339e-002, 9.97343212e-002, 2.11564615e-001,
       2.04513401e-001, 7.99868107e-002, 6.02793135e-002,
       6.66136742e-002, 8.02827403e-002, 8.26014951e-002,
       9.93439332e-002, 2.10001782e-001, 2.04951555e-001,
       8.78809318e-002, 6.56308457e-002, 6.88502938e-002,
       5.23299426e-002, 4.48358618e-002, 7.25450516e-002,
       2.25277632e-001, 2.24441841e-001, 6.87119812e-002,
       4.06094678e-002, 5.01990952e-002, 5.42011335e-002,
       5.31101227e-002, 8.33311975e-002, 2.38088638e-001,
       2.36138061e-001, 7.46642649e-002, 4.56192456e-002,
       5.06738238e-002, 5.52195422e-002, 4.62704599e-002,
       7.37589672e-002, 2.28762865e-001, 2.31427610e-001,
       7.61728659e-002, 4.45194915e-002, 5.37685230e-002,
       5.71354888e-002, 5.47693036e-002, 8.33654851e-002,
       2.38608390e-001, 2.41051629e-001, 8.25947598e-002,
       5.00213504e-002, 5.43252751e-002, 6.28038496e-002,
       5.49843982e-002, 8.10189843e-002, 2.22901970e-001,
       2.21498966e-001, 7.20580295e-002, 4.68529202e-002,
       5.81258833e-002, 6.40378222e-002, 5.21748103e-002,
       7.28950575e-002, 2.26946801e-001, 2.26451904e-001,
       6.78561106e-002, 4.68865633e-002, 6.02289066e-002,
       6.41942546e-002, 5.53401224e-002, 7.87359700e-002,
       2.24139392e-001, 2.26372823e-001, 8.11079219e-002,
       5.13590276e-002, 6.13513030e-002, 6.45884499e-002,
       5.31955734e-002, 7.14858025e-002, 2.28042036e-001,
       2.29724899e-001, 7.41081983e-002, 4.88011725e-002,
       6.19400069e-002, 5.67772686e-002, 5.67444935e-002,
       8.98234397e-002, 2.17754468e-001, 2.08777800e-001,
       6.99864253e-002, 4.39711288e-002, 5.34847341e-002,
       5.43458164e-002, 6.19853735e-002, 9.66927260e-002,
       2.39637539e-001, 2.29859948e-001, 7.38064647e-002,
       4.82845344e-002, 5.03514148e-002, 5.75687289e-002,
       5.55479415e-002, 9.03418064e-002, 2.30006859e-001,
       2.23767504e-001, 7.35244229e-002, 4.52307835e-002,
       5.43332584e-002, 5.70143610e-002, 6.29739389e-002,
       9.85581055e-002, 2.44551435e-001, 2.39346698e-001,
       8.05367753e-002, 5.07901721e-002, 5.26790693e-002,
       5.91866933e-002, 6.24853075e-002, 8.73896331e-002,
       2.21090987e-001, 2.14958534e-001, 7.01403990e-002,
       4.89847995e-002, 5.37929721e-002, 6.30950853e-002,
       6.65503368e-002, 8.52378905e-002, 2.19896719e-001,
       2.15473235e-001, 7.26243258e-002, 5.20837270e-002,
       5.62068112e-002, 6.06764257e-002, 6.15601130e-002,
       9.14674252e-002, 2.30171740e-001, 2.24011049e-001,
       7.65621960e-002, 5.13671078e-002, 5.66272587e-002,
       6.20507188e-002, 6.14276230e-002, 8.62664729e-002,
       2.30705485e-001, 2.26760373e-001, 7.43851513e-002,
       5.12538329e-002, 5.68899699e-002, 5.13968728e-002,
       4.34571914e-002, 6.87234402e-002, 2.21886739e-001,
       2.31459081e-001, 8.15750882e-002, 4.49124016e-002,
       5.07057011e-002, 5.14523722e-002, 4.96920757e-002,
       7.60097057e-002, 2.37340003e-001, 2.43868232e-001,
       8.55155438e-002, 5.03993966e-002, 4.95617166e-002,
       5.47470450e-002, 4.63619567e-002, 7.19990060e-002,
       2.18748927e-001, 2.31473282e-001, 9.01388004e-002,
       4.97997962e-002, 5.43302298e-002, 5.26227579e-002,
       5.06973714e-002, 7.58317113e-002, 2.37705931e-001,
       2.47303024e-001, 9.38453823e-002, 5.46349101e-002,
       5.18696569e-002, 5.63071892e-002, 5.04790060e-002,
       7.10441545e-002, 2.24368617e-001, 2.32168913e-001,
       8.19725841e-002, 4.87338677e-002, 5.24581149e-002,
       5.51868454e-002, 4.77046557e-002, 6.71478435e-002,
       2.29543403e-001, 2.35215575e-001, 8.01099539e-002,
       4.71541584e-002, 5.13835326e-002, 5.74758910e-002,
       5.08629456e-002, 7.01026320e-002, 2.23951340e-001,
       2.32479632e-001, 8.54578018e-002, 5.25160208e-002,
       5.47749028e-002, 5.88569865e-002, 5.11182360e-002,
       6.98363781e-002, 2.28513986e-001, 2.36318260e-001,
       8.63378718e-002, 5.52789494e-002, 5.68784885e-002,
       5.23299426e-002, 4.48358618e-002, 7.25450516e-002,
       2.25277632e-001, 2.24441841e-001, 6.87119812e-002,
       4.06094678e-002, 5.01990952e-002, 5.42011335e-002,
       5.31101227e-002, 8.33311975e-002, 2.38088638e-001,
       2.36138061e-001, 7.46642649e-002, 4.56192456e-002,
       5.06738238e-002, 5.52195422e-002, 4.62704599e-002,
       7.37589672e-002, 2.28762865e-001, 2.31427610e-001,
       7.61728659e-002, 4.45194915e-002, 5.37685230e-002,
       5.71354888e-002, 5.47693036e-002, 8.33654851e-002,
       2.38608390e-001, 2.41051629e-001, 8.25947598e-002,
       5.00213504e-002, 5.43252751e-002, 6.28038496e-002,
       5.49843982e-002, 8.10189843e-002, 2.22901970e-001,
       2.21498966e-001, 7.20580295e-002, 4.68529202e-002,
       5.81258833e-002, 6.40378222e-002, 5.21748103e-002,
       7.28950575e-002, 2.26946801e-001, 2.26451904e-001,
       6.78561106e-002, 4.68865633e-002, 6.02289066e-002,
       6.41942546e-002, 5.53401224e-002, 7.87359700e-002,
       2.24139392e-001, 2.26372823e-001, 8.11079219e-002,
       5.13590276e-002, 6.13513030e-002, 6.45884499e-002,
       5.31955734e-002, 7.14858025e-002, 2.28042036e-001,
       2.29724899e-001, 7.41081983e-002, 4.88011725e-002,
       6.19400069e-002, 5.74541315e-002, 4.77553830e-002,
       7.09667578e-002, 2.01540649e-001, 2.19879434e-001,
       9.99143198e-002, 5.64876013e-002, 5.91678880e-002,
       5.76079898e-002, 5.38683273e-002, 7.54902884e-002,
       2.19179466e-001, 2.32234955e-001, 1.03635922e-001,
       6.33604378e-002, 5.97385168e-002, 6.61435425e-002,
       5.36482967e-002, 7.57056102e-002, 2.00668946e-001,
       2.18967915e-001, 1.12809576e-001, 7.01500028e-002,
       7.09397122e-002, 6.99179769e-002, 6.31128103e-002,
       8.36365968e-002, 2.16417566e-001, 2.32671574e-001,
       1.21677160e-001, 8.18903744e-002, 7.82493800e-002,
       6.40678406e-002, 5.55882938e-002, 7.20967948e-002,
       2.04449832e-001, 2.15838954e-001, 9.04398561e-002,
       6.09860197e-002, 6.62569553e-002, 6.64646104e-002,
       5.77719696e-002, 7.41341561e-002, 2.10715443e-001,
       2.18265966e-001, 8.88833180e-002, 6.33119568e-002,
       6.66666552e-002, 8.41726735e-002, 6.74021617e-002,
       8.11726823e-002, 1.98892519e-001, 2.09592089e-001,
       1.02043219e-001, 7.99858868e-002, 9.42321420e-002,
       8.51987153e-002, 7.10135549e-002, 8.58159810e-002,
       2.05278873e-001, 2.12716669e-001, 9.95518416e-002,
       7.71174580e-002, 8.98783132e-002, 5.13968728e-002,
       4.34571914e-002, 6.87234402e-002, 2.21886739e-001,
       2.31459081e-001, 8.15750882e-002, 4.49124016e-002,
       5.07057011e-002, 5.14523722e-002, 4.96920757e-002,
       7.60097057e-002, 2.37340003e-001, 2.43868232e-001,
       8.55155438e-002, 5.03993966e-002, 4.95617166e-002,
       5.47470450e-002, 4.63619567e-002, 7.19990060e-002,
       2.18748927e-001, 2.31473282e-001, 9.01388004e-002,
       4.97997962e-002, 5.43302298e-002, 5.26227579e-002,
       5.06973714e-002, 7.58317113e-002, 2.37705931e-001,
       2.47303024e-001, 9.38453823e-002, 5.46349101e-002,
       5.18696569e-002, 5.63071892e-002, 5.04790060e-002,
       7.10441545e-002, 2.24368617e-001, 2.32168913e-001,
       8.19725841e-002, 4.87338677e-002, 5.24581149e-002,
       5.51868454e-002, 4.77046557e-002, 6.71478435e-002,
       2.29543403e-001, 2.35215575e-001, 8.01099539e-002,
       4.71541584e-002, 5.13835326e-002, 5.74758910e-002,
       5.08629456e-002, 7.01026320e-002, 2.23951340e-001,
       2.32479632e-001, 8.54578018e-002, 5.25160208e-002,
       5.47749028e-002, 5.88569865e-002, 5.11182360e-002,
       6.98363781e-002, 2.28513986e-001, 2.36318260e-001,
       8.63378718e-002, 5.52789494e-002, 5.68784885e-002,
       8.41894299e-002, 6.78744465e-002, 8.40642825e-002,
       1.78807765e-001, 1.94187820e-001, 1.14270300e-001,
       8.52177516e-002, 9.08527821e-002, 9.32241827e-002,
       7.74832591e-002, 9.27012488e-002, 1.84672073e-001,
       1.97697163e-001, 1.26469702e-001, 1.04882799e-001,
       1.06246859e-001, 9.03452858e-002, 7.53773525e-002,
       9.08283368e-002, 1.74242765e-001, 1.83281049e-001,
       1.06986903e-001, 8.35619867e-002, 9.57334414e-002,
       9.61053222e-002, 8.15160498e-002, 9.42666605e-002,
       1.77140057e-001, 1.88280851e-001, 1.20760992e-001,
       1.03135876e-001, 1.10001184e-001, 1.17754065e-001,
       7.70488456e-002, 7.93920606e-002, 1.53357178e-001,
       1.65896237e-001, 1.08747482e-001, 1.08063415e-001,
       1.36554837e-001, 1.27332762e-001, 8.17905962e-002,
       8.07598233e-002, 1.50661454e-001, 1.59755409e-001,
       1.04112387e-001, 1.04299046e-001, 1.42772675e-001,
       1.19913012e-001, 8.04155990e-002, 7.98999891e-002,
       1.43948540e-001, 1.60671681e-001, 1.10369727e-001,
       1.08211279e-001, 1.40270621e-001, 1.31217360e-001,
       8.33091438e-002, 7.87286088e-002, 1.36325955e-001,
       1.54464796e-001, 1.10416792e-001, 1.07378244e-001,
       1.47310570e-001, 1.05006784e-001, 9.87263769e-002,
       1.04318358e-001, 1.65123209e-001, 1.61735773e-001,
       8.73374864e-002, 7.13588968e-002, 8.48415643e-002,
       1.27764106e-001, 1.10932797e-001, 1.10190220e-001,
       1.62096262e-001, 1.51140481e-001, 8.36850032e-002,
       7.46400356e-002, 1.00321293e-001, 1.16026439e-001,
       1.15627669e-001, 1.24419965e-001, 1.86696440e-001,
       1.77207410e-001, 9.48086008e-002, 7.62956738e-002,
       9.45421308e-002, 1.39299721e-001, 1.26327068e-001,
       1.23132676e-001, 1.75377265e-001, 1.67468011e-001,
       9.17189643e-002, 7.99490064e-002, 1.11368991e-001,
       1.39649674e-001, 1.03838526e-001, 1.01309605e-001,
       1.39587015e-001, 1.33585930e-001, 8.55135843e-002,
       8.42591748e-002, 1.20097838e-001, 1.39806524e-001,
       1.04439154e-001, 1.06731445e-001, 1.38000727e-001,
       1.30579576e-001, 9.03921574e-002, 9.06048343e-002,
       1.27476588e-001, 1.50080204e-001, 1.19077533e-001,
       1.08853161e-001, 1.54731140e-001, 1.50863364e-001,
       9.04722884e-002, 8.65752026e-002, 1.27101004e-001,
       1.51964620e-001, 1.16977781e-001, 1.13345638e-001,
       1.60573840e-001, 1.54862061e-001, 9.79097635e-002,
       9.30784196e-002, 1.35414198e-001, 5.11372350e-002,
       5.64147159e-002, 8.56203884e-002, 2.28286877e-001,
       2.19498083e-001, 6.58371300e-002, 4.37684171e-002,
       4.74799797e-002, 5.80780804e-002, 6.39354140e-002,
       9.31275114e-002, 2.28159130e-001, 2.19381928e-001,
       7.10212961e-002, 4.83256355e-002, 5.28931245e-002,
       5.39819747e-002, 5.69101535e-002, 8.92873406e-002,
       2.37532705e-001, 2.30338693e-001, 7.22694471e-002,
       4.65654992e-002, 5.00227176e-002, 6.11419678e-002,
       6.41915202e-002, 9.73004401e-002, 2.35904604e-001,
       2.29577944e-001, 7.87770674e-002, 5.15573919e-002,
       5.64911067e-002, 5.73412217e-002, 5.93200251e-002,
       7.71241114e-002, 2.14235097e-001, 2.09062904e-001,
       6.54315352e-002, 4.60304432e-002, 5.11073172e-002,
       6.79313242e-002, 6.92843422e-002, 9.20493677e-002,
       2.38491252e-001, 2.35296503e-001, 7.11667538e-002,
       5.04980832e-002, 5.84763288e-002, 5.69534525e-002,
       5.46622127e-002, 7.74132013e-002, 2.25707710e-001,
       2.20183223e-001, 6.69113547e-002, 4.57037725e-002,
       5.18395081e-002, 6.96472526e-002, 6.37852475e-002,
       8.52155834e-002, 2.49254018e-001, 2.45350391e-001,
       7.36053139e-002, 5.13394400e-002, 6.03201836e-002,
       8.02272111e-002, 8.62058401e-002, 1.11357115e-001,
       2.10002199e-001, 1.98768362e-001, 7.84429461e-002,
       5.84900081e-002, 6.76176846e-002, 9.63749662e-002,
       9.24210399e-002, 1.06733508e-001, 2.02818021e-001,
       1.92190796e-001, 8.29760507e-002, 6.54573590e-002,
       7.86909312e-002, 6.58169910e-002, 7.46636614e-002,
       1.06030218e-001, 2.20424727e-001, 2.10047156e-001,
       7.55962655e-002, 5.40728606e-002, 5.94853871e-002,
       7.74012059e-002, 8.25654790e-002, 1.04762338e-001,
       2.17312574e-001, 2.08412319e-001, 8.17735344e-002,
       6.09280132e-002, 6.72309250e-002, 9.18634683e-002,
       8.63356516e-002, 9.47302133e-002, 1.87760964e-001,
       1.85268596e-001, 8.27709883e-002, 6.62710741e-002,
       7.52625093e-002, 1.00963362e-001, 1.01481237e-001,
       1.05702437e-001, 1.95271209e-001, 1.90331474e-001,
       8.86404291e-002, 6.90851137e-002, 7.94306695e-002,
       7.77097717e-002, 8.15566182e-002, 9.79391336e-002,
       2.05842078e-001, 2.00941354e-001, 8.44742730e-002,
       6.20241798e-002, 6.55124784e-002, 9.04448032e-002,
       9.99061540e-002, 1.14584558e-001, 2.21254587e-001,
       2.10361466e-001, 9.11801606e-002, 6.63623884e-002,
       7.23716319e-002, 5.58135062e-002, 5.18062674e-002,
       7.81359524e-002, 2.29158714e-001, 2.26710349e-001,
       6.92468882e-002, 4.33015078e-002, 5.11563122e-002,
       6.18398190e-002, 5.55872358e-002, 8.36015269e-002,
       2.27137208e-001, 2.24721283e-001, 7.39041045e-002,
       4.72176038e-002, 5.71989976e-002, 5.81457689e-002,
       5.32121025e-002, 7.81083107e-002, 2.30501801e-001,
       2.32125774e-001, 7.63805136e-002, 4.74405624e-002,
       5.47514409e-002, 6.38440475e-002, 5.66652007e-002,
       8.22981074e-002, 2.28246018e-001, 2.29576066e-001,
       8.25267062e-002, 5.09615727e-002, 6.03216477e-002,
       5.99804856e-002, 4.62795720e-002, 6.41287714e-002,
       2.21634611e-001, 2.20777735e-001, 6.11026362e-002,
       4.22452241e-002, 5.60787506e-002, 6.52038902e-002,
       5.14839664e-002, 6.87502176e-002, 2.43454337e-001,
       2.43930295e-001, 6.44698292e-002, 4.49654236e-002,
       6.05381764e-002, 6.10238649e-002, 4.85280789e-002,
       6.55682832e-002, 2.23104775e-001, 2.24034861e-001,
       6.56409860e-002, 4.41042483e-002, 5.83710931e-002,
       6.54319599e-002, 5.28990887e-002, 7.16250315e-002,
       2.44645819e-001, 2.45646551e-001, 6.99541420e-002,
       4.80939820e-002, 6.36408478e-002, 5.11372350e-002,
       5.64147159e-002, 8.56203884e-002, 2.28286877e-001,
       2.19498083e-001, 6.58371300e-002, 4.37684171e-002,
       4.74799797e-002, 5.80780804e-002, 6.39354140e-002,
       9.31275114e-002, 2.28159130e-001, 2.19381928e-001,
       7.10212961e-002, 4.83256355e-002, 5.28931245e-002,
       5.39819747e-002, 5.69101535e-002, 8.92873406e-002,
       2.37532705e-001, 2.30338693e-001, 7.22694471e-002,
       4.65654992e-002, 5.00227176e-002, 6.11419678e-002,
       6.41915202e-002, 9.73004401e-002, 2.35904604e-001,
       2.29577944e-001, 7.87770674e-002, 5.15573919e-002,
       5.64911067e-002, 5.73412217e-002, 5.93200251e-002,
       7.71241114e-002, 2.14235097e-001, 2.09062904e-001,
       6.54315352e-002, 4.60304432e-002, 5.11073172e-002,
       6.79313242e-002, 6.92843422e-002, 9.20493677e-002,
       2.38491252e-001, 2.35296503e-001, 7.11667538e-002,
       5.04980832e-002, 5.84763288e-002, 5.69534525e-002,
       5.46622127e-002, 7.74132013e-002, 2.25707710e-001,
       2.20183223e-001, 6.69113547e-002, 4.57037725e-002,
       5.18395081e-002, 6.96472526e-002, 6.37852475e-002,
       8.52155834e-002, 2.49254018e-001, 2.45350391e-001,
       7.36053139e-002, 5.13394400e-002, 6.03201836e-002,
       5.19270748e-002, 4.84148674e-002, 7.01192170e-002,
       2.31603295e-001, 2.38755465e-001, 7.88519904e-002,
       4.65871431e-002, 4.89743575e-002, 5.67591004e-002,
       5.14625832e-002, 7.38709047e-002, 2.28340089e-001,
       2.34620795e-001, 8.48564953e-002, 5.12195714e-002,
       5.35438024e-002, 5.15465066e-002, 4.77054678e-002,
       6.92829192e-002, 2.30019286e-001, 2.39171863e-001,
       8.49400833e-002, 4.99990359e-002, 4.97710072e-002,
       5.68555668e-002, 5.13966493e-002, 7.22882971e-002,
       2.28154555e-001, 2.36771375e-001, 8.89326632e-002,
       5.40678501e-002, 5.50520755e-002, 4.94965799e-002,
       4.33571935e-002, 6.25903904e-002, 2.23321840e-001,
       2.28130952e-001, 7.15527907e-002, 4.09947149e-002,
       4.57221977e-002, 6.15489259e-002, 5.12129366e-002,
       7.39992410e-002, 2.45781317e-001, 2.48048306e-001,
       7.79802501e-002, 4.94889393e-002, 5.93432672e-002,
       5.25051393e-002, 4.62616831e-002, 6.59835711e-002,
       2.23102883e-001, 2.29102150e-001, 7.97476694e-002,
       4.87666614e-002, 4.97867018e-002, 6.49628714e-002,
       5.57267554e-002, 7.98422694e-002, 2.48342693e-001,
       2.49939427e-001, 9.34330150e-002, 5.88701218e-002,
       6.25845417e-002, 5.58135062e-002, 5.18062674e-002,
       7.81359524e-002, 2.29158714e-001, 2.26710349e-001,
       6.92468882e-002, 4.33015078e-002, 5.11563122e-002,
       6.18398190e-002, 5.55872358e-002, 8.36015269e-002,
       2.27137208e-001, 2.24721283e-001, 7.39041045e-002,
       4.72176038e-002, 5.71989976e-002, 5.81457689e-002,
       5.32121025e-002, 7.81083107e-002, 2.30501801e-001,
       2.32125774e-001, 7.63805136e-002, 4.74405624e-002,
       5.47514409e-002, 6.38440475e-002, 5.66652007e-002,
       8.22981074e-002, 2.28246018e-001, 2.29576066e-001,
       8.25267062e-002, 5.09615727e-002, 6.03216477e-002,
       5.99804856e-002, 4.62795720e-002, 6.41287714e-002,
       2.21634611e-001, 2.20777735e-001, 6.11026362e-002,
       4.22452241e-002, 5.60787506e-002, 6.52038902e-002,
       5.14839664e-002, 6.87502176e-002, 2.43454337e-001,
       2.43930295e-001, 6.44698292e-002, 4.49654236e-002,
       6.05381764e-002, 6.10238649e-002, 4.85280789e-002,
       6.55682832e-002, 2.23104775e-001, 2.24034861e-001,
       6.56409860e-002, 4.41042483e-002, 5.83710931e-002,
       6.54319599e-002, 5.28990887e-002, 7.16250315e-002,
       2.44645819e-001, 2.45646551e-001, 6.99541420e-002,
       4.80939820e-002, 6.36408478e-002, 5.46990968e-002,
       4.93069403e-002, 6.69196993e-002, 2.10051239e-001,
       2.26024166e-001, 9.32685584e-002, 5.74713498e-002,
       5.66970333e-002, 6.32621646e-002, 5.59985265e-002,
       7.29104429e-002, 2.09108248e-001, 2.19949022e-001,
       9.52037051e-002, 6.29114360e-002, 6.60390630e-002,
       6.84529766e-002, 5.83216771e-002, 7.54085258e-002,
       2.05660865e-001, 2.22976416e-001, 1.08938411e-001,
       7.73490965e-002, 7.83107057e-002, 8.17537010e-002,
       6.65184408e-002, 8.12355354e-002, 2.02551961e-001,
       2.16662198e-001, 1.08248033e-001, 8.22476745e-002,
       9.29465145e-002, 6.29845485e-002, 5.46147451e-002,
       7.16869459e-002, 2.07507074e-001, 2.14300871e-001,
       8.59100521e-002, 6.12908751e-002, 6.31639659e-002,
       7.12100938e-002, 6.05792403e-002, 8.08869153e-002,
       2.17916980e-001, 2.29196087e-001, 1.00244246e-001,
       8.02292302e-002, 7.73651898e-002, 7.94957653e-002,
       6.56129569e-002, 7.97552988e-002, 2.00624123e-001,
       2.06081778e-001, 9.16445404e-002, 7.36403614e-002,
       8.39459226e-002, 8.63815770e-002, 6.83569610e-002,
       8.32412168e-002, 2.04195216e-001, 2.11107031e-001,
       1.02126531e-001, 9.12187696e-002, 9.79013592e-002,
       5.19270748e-002, 4.84148674e-002, 7.01192170e-002,
       2.31603295e-001, 2.38755465e-001, 7.88519904e-002,
       4.65871431e-002, 4.89743575e-002, 5.67591004e-002,
       5.14625832e-002, 7.38709047e-002, 2.28340089e-001,
       2.34620795e-001, 8.48564953e-002, 5.12195714e-002,
       5.35438024e-002, 5.15465066e-002, 4.77054678e-002,
       6.92829192e-002, 2.30019286e-001, 2.39171863e-001,
       8.49400833e-002, 4.99990359e-002, 4.97710072e-002,
       5.68555668e-002, 5.13966493e-002, 7.22882971e-002,
       2.28154555e-001, 2.36771375e-001, 8.89326632e-002,
       5.40678501e-002, 5.50520755e-002, 4.94965799e-002,
       4.33571935e-002, 6.25903904e-002, 2.23321840e-001,
       2.28130952e-001, 7.15527907e-002, 4.09947149e-002,
       4.57221977e-002, 6.15489259e-002, 5.12129366e-002,
       7.39992410e-002, 2.45781317e-001, 2.48048306e-001,
       7.79802501e-002, 4.94889393e-002, 5.93432672e-002,
       5.25051393e-002, 4.62616831e-002, 6.59835711e-002,
       2.23102883e-001, 2.29102150e-001, 7.97476694e-002,
       4.87666614e-002, 4.97867018e-002, 6.49628714e-002,
       5.57267554e-002, 7.98422694e-002, 2.48342693e-001,
       2.49939427e-001, 9.34330150e-002, 5.88701218e-002,
       6.25845417e-002, 9.60253552e-002, 7.27354139e-002,
       8.31024721e-002, 1.71444610e-001, 1.87875226e-001,
       1.17367603e-001, 1.03056885e-001, 1.11606479e-001,
       1.12444028e-001, 7.71116242e-002, 8.24206099e-002,
       1.61268011e-001, 1.74360573e-001, 1.13589719e-001,
       1.08989574e-001, 1.30785644e-001, 9.76975560e-002,
       7.65163228e-002, 8.47744271e-002, 1.62062198e-001,
       1.73663497e-001, 1.10233188e-001, 1.00559913e-001,
       1.14183739e-001, 1.12915464e-001, 8.02094862e-002,
       8.28098729e-002, 1.52693972e-001, 1.68353096e-001,
       1.14141479e-001, 1.08214073e-001, 1.34566545e-001,
       1.28545493e-001, 8.00250173e-002, 7.83241019e-002,
       1.47769690e-001, 1.59149230e-001, 1.02182619e-001,
       1.03128843e-001, 1.42456949e-001, 1.37768507e-001,
       8.44581798e-002, 8.23099390e-002, 1.54676542e-001,
       1.65787101e-001, 1.07335337e-001, 1.05186485e-001,
       1.50276124e-001, 1.32915810e-001, 8.30966383e-002,
       7.67911747e-002, 1.33650452e-001, 1.51231930e-001,
       1.06752753e-001, 1.05448909e-001, 1.45735741e-001,
       1.39431655e-001, 8.76765326e-002, 8.03432763e-002,
       1.35965839e-001, 1.52479261e-001, 1.11044385e-001,
       1.06175341e-001, 1.49195120e-001, 1.33201078e-001,
       1.08985022e-001, 1.04727656e-001, 1.51977226e-001,
       1.41987711e-001, 8.07725936e-002, 7.53397942e-002,
       1.05736546e-001, 1.40843347e-001, 1.06887937e-001,
       1.03245899e-001, 1.45521596e-001, 1.37628317e-001,
       8.43172744e-002, 8.10570642e-002, 1.17160253e-001,
       1.45328835e-001, 1.25343874e-001, 1.17167987e-001,
       1.66099578e-001, 1.57305002e-001, 8.67662206e-002,
       7.91809708e-002, 1.15045667e-001, 1.51231959e-001,
       1.20573238e-001, 1.09079622e-001, 1.58174798e-001,
       1.54453725e-001, 9.03659388e-002, 8.58947635e-002,
       1.25859335e-001, 1.28556073e-001, 9.53598693e-002,
       1.01304673e-001, 1.30655959e-001, 1.25231877e-001,
       8.74596015e-002, 8.71909037e-002, 1.20086804e-001,
       1.35844737e-001, 1.05158851e-001, 1.11890964e-001,
       1.39601916e-001, 1.33215144e-001, 9.39876735e-002,
       9.53445137e-002, 1.31600276e-001, 1.43080726e-001,
       1.08727768e-001, 1.09674230e-001, 1.59624770e-001,
       1.56467155e-001, 9.58251283e-002, 8.98354575e-002,
       1.28295615e-001, 1.54049754e-001, 1.14134796e-001,
       1.19203083e-001, 1.71215624e-001, 1.70345753e-001,
       1.14848360e-001, 1.06909409e-001, 1.47324964e-001,
       5.91866933e-002, 6.24853075e-002, 8.73896331e-002,
       2.21090987e-001, 2.14958534e-001, 7.01403990e-002,
       4.89847995e-002, 5.37929721e-002, 6.30950853e-002,
       6.65503368e-002, 8.52378905e-002, 2.19896719e-001,
       2.15473235e-001, 7.26243258e-002, 5.20837270e-002,
       5.62068112e-002, 6.06764257e-002, 6.15601130e-002,
       9.14674252e-002, 2.30171740e-001, 2.24011049e-001,
       7.65621960e-002, 5.13671078e-002, 5.66272587e-002,
       6.20507188e-002, 6.14276230e-002, 8.62664729e-002,
       2.30705485e-001, 2.26760373e-001, 7.43851513e-002,
       5.12538329e-002, 5.68899699e-002, 6.92308247e-002,
       7.21346512e-002, 9.28672031e-002, 2.34591797e-001,
       2.33713105e-001, 7.00315014e-002, 4.96011935e-002,
       5.89698777e-002, 7.59131014e-002, 7.49675035e-002,
       8.22590888e-002, 2.06274703e-001, 2.05248073e-001,
       7.68427700e-002, 5.65330870e-002, 6.69238344e-002,
       7.11012408e-002, 6.31128848e-002, 8.36678818e-002,
       2.44116798e-001, 2.41833612e-001, 7.28792325e-002,
       5.08080833e-002, 6.14830256e-002, 7.66326860e-002,
       6.46100640e-002, 8.28320980e-002, 2.14536905e-001,
       2.16833204e-001, 8.24473426e-002, 5.98619170e-002,
       7.17754960e-002, 9.81436148e-002, 8.88723955e-002,
       9.92353112e-002, 1.94015622e-001, 1.88597634e-001,
       8.29368159e-002, 6.60698861e-002, 8.03115517e-002,
       9.58269536e-002, 8.92616138e-002, 9.88291949e-002,
       1.94752246e-001, 1.90236256e-001, 8.74850452e-002,
       7.05009699e-002, 8.05784017e-002, 7.77063519e-002,
       8.01966339e-002, 9.97343212e-002, 2.11564615e-001,
       2.04513401e-001, 7.99868107e-002, 6.02793135e-002,
       6.66136742e-002, 8.02827403e-002, 8.26014951e-002,
       9.93439332e-002, 2.10001782e-001, 2.04951555e-001,
       8.78809318e-002, 6.56308457e-002, 6.88502938e-002,
       9.74820629e-002, 9.86340344e-002, 9.88504365e-002,
       1.88475192e-001, 1.88501090e-001, 8.72016102e-002,
       6.58399761e-002, 7.81189203e-002, 1.13633335e-001,
       9.81112793e-002, 9.06457826e-002, 1.79331273e-001,
       1.85081556e-001, 9.61490348e-002, 7.68002272e-002,
       9.25903991e-002, 9.10971537e-002, 1.00468829e-001,
       1.10751450e-001, 2.13021204e-001, 2.04015926e-001,
       8.76771882e-002, 6.24900237e-002, 6.98914155e-002,
       1.05483592e-001, 9.88662913e-002, 9.60080028e-002,
       1.92068443e-001, 1.93671718e-001, 8.98558199e-002,
       6.66377395e-002, 7.74526596e-002, 6.28038496e-002,
       5.49843982e-002, 8.10189843e-002, 2.22901970e-001,
       2.21498966e-001, 7.20580295e-002, 4.68529202e-002,
       5.81258833e-002, 6.40378222e-002, 5.21748103e-002,
       7.28950575e-002, 2.26946801e-001, 2.26451904e-001,
       6.78561106e-002, 4.68865633e-002, 6.02289066e-002,
       6.41942546e-002, 5.53401224e-002, 7.87359700e-002,
       2.24139392e-001, 2.26372823e-001, 8.11079219e-002,
       5.13590276e-002, 6.13513030e-002, 6.45884499e-002,
       5.31955734e-002, 7.14858025e-002, 2.28042036e-001,
       2.29724899e-001, 7.41081983e-002, 4.88011725e-002,
       6.19400069e-002, 6.81930929e-002, 5.33980988e-002,
       7.07554147e-002, 2.41563737e-001, 2.42862612e-001,
       6.82012588e-002, 4.66841236e-002, 6.25023916e-002,
       7.41680637e-002, 5.84903657e-002, 7.63903260e-002,
       2.12482616e-001, 2.14674339e-001, 7.50181749e-002,
       5.40196523e-002, 6.93788454e-002, 6.78995997e-002,
       5.48816398e-002, 7.44153634e-002, 2.43808612e-001,
       2.44427457e-001, 7.40122870e-002, 4.98573408e-002,
       6.58296794e-002, 7.46497139e-002, 6.18596300e-002,
       8.15994963e-002, 2.16408387e-001, 2.19915107e-001,
       7.92507306e-002, 5.65449372e-002, 7.22481459e-002,
       5.91866933e-002, 6.24853075e-002, 8.73896331e-002,
       2.21090987e-001, 2.14958534e-001, 7.01403990e-002,
       4.89847995e-002, 5.37929721e-002, 6.30950853e-002,
       6.65503368e-002, 8.52378905e-002, 2.19896719e-001,
       2.15473235e-001, 7.26243258e-002, 5.20837270e-002,
       5.62068112e-002, 6.06764257e-002, 6.15601130e-002,
       9.14674252e-002, 2.30171740e-001, 2.24011049e-001,
       7.65621960e-002, 5.13671078e-002, 5.66272587e-002,
       6.20507188e-002, 6.14276230e-002, 8.62664729e-002,
       2.30705485e-001, 2.26760373e-001, 7.43851513e-002,
       5.12538329e-002, 5.68899699e-002, 6.92308247e-002,
       7.21346512e-002, 9.28672031e-002, 2.34591797e-001,
       2.33713105e-001, 7.00315014e-002, 4.96011935e-002,
       5.89698777e-002, 7.59131014e-002, 7.49675035e-002,
       8.22590888e-002, 2.06274703e-001, 2.05248073e-001,
       7.68427700e-002, 5.65330870e-002, 6.69238344e-002,
       7.11012408e-002, 6.31128848e-002, 8.36678818e-002,
       2.44116798e-001, 2.41833612e-001, 7.28792325e-002,
       5.08080833e-002, 6.14830256e-002, 7.66326860e-002,
       6.46100640e-002, 8.28320980e-002, 2.14536905e-001,
       2.16833204e-001, 8.24473426e-002, 5.98619170e-002,
       7.17754960e-002, 5.63071892e-002, 5.04790060e-002,
       7.10441545e-002, 2.24368617e-001, 2.32168913e-001,
       8.19725841e-002, 4.87338677e-002, 5.24581149e-002,
       5.51868454e-002, 4.77046557e-002, 6.71478435e-002,
       2.29543403e-001, 2.35215575e-001, 8.01099539e-002,
       4.71541584e-002, 5.13835326e-002, 5.74758910e-002,
       5.08629456e-002, 7.01026320e-002, 2.23951340e-001,
       2.32479632e-001, 8.54578018e-002, 5.25160208e-002,
       5.47749028e-002, 5.88569865e-002, 5.11182360e-002,
       6.98363781e-002, 2.28513986e-001, 2.36318260e-001,
       8.63378718e-002, 5.52789494e-002, 5.68784885e-002,
       6.43268302e-002, 5.13884686e-002, 7.39210173e-002,
       2.42727652e-001, 2.43936613e-001, 7.63098449e-002,
       4.91870120e-002, 6.11449741e-002, 7.00562149e-002,
       5.73965609e-002, 7.96090737e-002, 2.18731374e-001,
       2.17988253e-001, 7.54762962e-002, 5.26355319e-002,
       6.65302500e-002, 6.56941012e-002, 5.47617003e-002,
       7.88487867e-002, 2.45855898e-001, 2.44537219e-001,
       9.14151445e-002, 6.15929663e-002, 6.41434267e-002,
       7.07409382e-002, 5.93207441e-002, 8.30990896e-002,
       2.18611926e-001, 2.20403686e-001, 8.19368735e-002,
       6.63333610e-002, 7.11557791e-002, 6.28038496e-002,
       5.49843982e-002, 8.10189843e-002, 2.22901970e-001,
       2.21498966e-001, 7.20580295e-002, 4.68529202e-002,
       5.81258833e-002, 6.40378222e-002, 5.21748103e-002,
       7.28950575e-002, 2.26946801e-001, 2.26451904e-001,
       6.78561106e-002, 4.68865633e-002, 6.02289066e-002,
       6.41942546e-002, 5.53401224e-002, 7.87359700e-002,
       2.24139392e-001, 2.26372823e-001, 8.11079219e-002,
       5.13590276e-002, 6.13513030e-002, 6.45884499e-002,
       5.31955734e-002, 7.14858025e-002, 2.28042036e-001,
       2.29724899e-001, 7.41081983e-002, 4.88011725e-002,
       6.19400069e-002, 6.81930929e-002, 5.33980988e-002,
       7.07554147e-002, 2.41563737e-001, 2.42862612e-001,
       6.82012588e-002, 4.66841236e-002, 6.25023916e-002,
       7.41680637e-002, 5.84903657e-002, 7.63903260e-002,
       2.12482616e-001, 2.14674339e-001, 7.50181749e-002,
       5.40196523e-002, 6.93788454e-002, 6.78995997e-002,
       5.48816398e-002, 7.44153634e-002, 2.43808612e-001,
       2.44427457e-001, 7.40122870e-002, 4.98573408e-002,
       6.58296794e-002, 7.46497139e-002, 6.18596300e-002,
       8.15994963e-002, 2.16408387e-001, 2.19915107e-001,
       7.92507306e-002, 5.65449372e-002, 7.22481459e-002,
       6.40678406e-002, 5.55882938e-002, 7.20967948e-002,
       2.04449832e-001, 2.15838954e-001, 9.04398561e-002,
       6.09860197e-002, 6.62569553e-002, 6.64646104e-002,
       5.77719696e-002, 7.41341561e-002, 2.10715443e-001,
       2.18265966e-001, 8.88833180e-002, 6.33119568e-002,
       6.66666552e-002, 8.41726735e-002, 6.74021617e-002,
       8.11726823e-002, 1.98892519e-001, 2.09592089e-001,
       1.02043219e-001, 7.99858868e-002, 9.42321420e-002,
       8.51987153e-002, 7.10135549e-002, 8.58159810e-002,
       2.05278873e-001, 2.12716669e-001, 9.95518416e-002,
       7.71174580e-002, 8.98783132e-002, 6.87240884e-002,
       5.68973422e-002, 7.92886168e-002, 2.11143449e-001,
       2.19991699e-001, 9.55556333e-002, 8.05882141e-002,
       7.78382197e-002, 7.33773783e-002, 6.15014993e-002,
       8.45948309e-002, 2.03899756e-001, 1.99641258e-001,
       8.24253857e-002, 7.93654844e-002, 8.93502086e-002,
       8.67729709e-002, 6.65506348e-002, 8.48015249e-002,
       2.02156216e-001, 2.03595266e-001, 9.53132510e-002,
       9.01983827e-002, 9.68615487e-002, 1.01438284e-001,
       8.06420073e-002, 9.91732776e-002, 2.01633111e-001,
       1.94814697e-001, 8.61404315e-002, 8.75762254e-002,
       1.09828122e-001, 5.63071892e-002, 5.04790060e-002,
       7.10441545e-002, 2.24368617e-001, 2.32168913e-001,
       8.19725841e-002, 4.87338677e-002, 5.24581149e-002,
       5.51868454e-002, 4.77046557e-002, 6.71478435e-002,
       2.29543403e-001, 2.35215575e-001, 8.01099539e-002,
       4.71541584e-002, 5.13835326e-002, 5.74758910e-002,
       5.08629456e-002, 7.01026320e-002, 2.23951340e-001,
       2.32479632e-001, 8.54578018e-002, 5.25160208e-002,
       5.47749028e-002, 5.88569865e-002, 5.11182360e-002,
       6.98363781e-002, 2.28513986e-001, 2.36318260e-001,
       8.63378718e-002, 5.52789494e-002, 5.68784885e-002,
       6.43268302e-002, 5.13884686e-002, 7.39210173e-002,
       2.42727652e-001, 2.43936613e-001, 7.63098449e-002,
       4.91870120e-002, 6.11449741e-002, 7.00562149e-002,
       5.73965609e-002, 7.96090737e-002, 2.18731374e-001,
       2.17988253e-001, 7.54762962e-002, 5.26355319e-002,
       6.65302500e-002, 6.56941012e-002, 5.47617003e-002,
       7.88487867e-002, 2.45855898e-001, 2.44537219e-001,
       9.14151445e-002, 6.15929663e-002, 6.41434267e-002,
       7.07409382e-002, 5.93207441e-002, 8.30990896e-002,
       2.18611926e-001, 2.20403686e-001, 8.19368735e-002,
       6.63333610e-002, 7.11557791e-002, 1.17754065e-001,
       7.70488456e-002, 7.93920606e-002, 1.53357178e-001,
       1.65896237e-001, 1.08747482e-001, 1.08063415e-001,
       1.36554837e-001, 1.27332762e-001, 8.17905962e-002,
       8.07598233e-002, 1.50661454e-001, 1.59755409e-001,
       1.04112387e-001, 1.04299046e-001, 1.42772675e-001,
       1.19913012e-001, 8.04155990e-002, 7.98999891e-002,
       1.43948540e-001, 1.60671681e-001, 1.10369727e-001,
       1.08211279e-001, 1.40270621e-001, 1.31217360e-001,
       8.33091438e-002, 7.87286088e-002, 1.36325955e-001,
       1.54464796e-001, 1.10416792e-001, 1.07378244e-001,
       1.47310570e-001, 1.31517261e-001, 8.15606639e-002,
       8.16786811e-002, 1.56473845e-001, 1.65057570e-001,
       1.00940987e-001, 9.65255499e-002, 1.42240375e-001,
       1.53179869e-001, 1.01901680e-001, 1.05554380e-001,
       1.75357580e-001, 1.74759179e-001, 1.07388221e-001,
       9.77309942e-002, 1.48832411e-001, 1.30437762e-001,
       8.29459876e-002, 7.71600232e-002, 1.32070646e-001,
       1.45159066e-001, 1.04256257e-001, 9.60356072e-002,
       1.38057083e-001, 1.44427568e-001, 9.48002711e-002,
       8.98780525e-002, 1.45124644e-001, 1.53432950e-001,
       1.12446994e-001, 1.01611800e-001, 1.42728224e-001,
       1.39649674e-001, 1.03838526e-001, 1.01309605e-001,
       1.39587015e-001, 1.33585930e-001, 8.55135843e-002,
       8.42591748e-002, 1.20097838e-001, 1.39806524e-001,
       1.04439154e-001, 1.06731445e-001, 1.38000727e-001,
       1.30579576e-001, 9.03921574e-002, 9.06048343e-002,
       1.27476588e-001, 1.50080204e-001, 1.19077533e-001,
       1.08853161e-001, 1.54731140e-001, 1.50863364e-001,
       9.04722884e-002, 8.65752026e-002, 1.27101004e-001,
       1.51964620e-001, 1.16977781e-001, 1.13345638e-001,
       1.60573840e-001, 1.54862061e-001, 9.79097635e-002,
       9.30784196e-002, 1.35414198e-001, 1.26183659e-001,
       9.81132165e-002, 1.05846748e-001, 1.33879766e-001,
       1.29733279e-001, 9.19048712e-002, 9.30518284e-002,
       1.26379445e-001, 1.11645639e-001, 9.40729827e-002,
       1.05925739e-001, 1.44393250e-001, 1.44373670e-001,
       9.57435369e-002, 9.23746750e-002, 1.18634053e-001,
       1.45526394e-001, 1.08026631e-001, 1.15047030e-001,
       1.69351652e-001, 1.70293629e-001, 1.15131967e-001,
       1.06675111e-001, 1.43375009e-001, 1.25676617e-001,
       9.76659730e-002, 1.15890183e-001, 1.84730977e-001,
       1.86824754e-001, 1.29907846e-001, 1.13741279e-001,
       1.35351688e-001, 5.73412217e-002, 5.93200251e-002,
       7.71241114e-002, 2.14235097e-001, 2.09062904e-001,
       6.54315352e-002, 4.60304432e-002, 5.11073172e-002,
       6.79313242e-002, 6.92843422e-002, 9.20493677e-002,
       2.38491252e-001, 2.35296503e-001, 7.11667538e-002,
       5.04980832e-002, 5.84763288e-002, 5.69534525e-002,
       5.46622127e-002, 7.74132013e-002, 2.25707710e-001,
       2.20183223e-001, 6.69113547e-002, 4.57037725e-002,
       5.18395081e-002, 6.96472526e-002, 6.37852475e-002,
       8.52155834e-002, 2.49254018e-001, 2.45350391e-001,
       7.36053139e-002, 5.13394400e-002, 6.03201836e-002,
       7.19482005e-002, 6.61305562e-002, 7.56542459e-002,
       2.15409860e-001, 2.20991626e-001, 7.76094347e-002,
       5.59516773e-002, 6.55662492e-002, 6.21776916e-002,
       5.42729348e-002, 8.07918236e-002, 2.44647816e-001,
       2.46761903e-001, 8.58125836e-002, 5.53478375e-002,
       6.18244484e-002, 7.18611702e-002, 6.00943342e-002,
       7.99328014e-002, 2.24883497e-001, 2.28211939e-001,
       8.33278522e-002, 5.88824637e-002, 6.94183409e-002,
       6.00307360e-002, 5.51900864e-002, 8.88585374e-002,
       2.56363302e-001, 2.56279498e-001, 8.67331624e-002,
       5.36896028e-002, 5.99440336e-002, 9.18634683e-002,
       8.63356516e-002, 9.47302133e-002, 1.87760964e-001,
       1.85268596e-001, 8.27709883e-002, 6.62710741e-002,
       7.52625093e-002, 1.00963362e-001, 1.01481237e-001,
       1.05702437e-001, 1.95271209e-001, 1.90331474e-001,
       8.86404291e-002, 6.90851137e-002, 7.94306695e-002,
       7.77097717e-002, 8.15566182e-002, 9.79391336e-002,
       2.05842078e-001, 2.00941354e-001, 8.44742730e-002,
       6.20241798e-002, 6.55124784e-002, 9.04448032e-002,
       9.99061540e-002, 1.14584558e-001, 2.21254587e-001,
       2.10361466e-001, 9.11801606e-002, 6.63623884e-002,
       7.23716319e-002, 1.08896546e-001, 8.96185189e-002,
       8.38502422e-002, 1.79233521e-001, 1.88159302e-001,
       9.75095034e-002, 7.88522661e-002, 9.47782993e-002,
       8.72941390e-002, 7.15837106e-002, 9.45906043e-002,
       2.05986008e-001, 2.22548679e-001, 1.27137676e-001,
       9.82060060e-002, 9.28070843e-002, 9.77327004e-002,
       8.96201730e-002, 8.36563408e-002, 1.92087501e-001,
       1.99539885e-001, 8.95143449e-002, 6.59980178e-002,
       7.67818466e-002, 7.72266984e-002, 6.64244071e-002,
       8.86067823e-002, 2.21995965e-001, 2.25331172e-001,
       1.10691428e-001, 7.84623176e-002, 7.72267580e-002,
       5.99804856e-002, 4.62795720e-002, 6.41287714e-002,
       2.21634611e-001, 2.20777735e-001, 6.11026362e-002,
       4.22452241e-002, 5.60787506e-002, 6.52038902e-002,
       5.14839664e-002, 6.87502176e-002, 2.43454337e-001,
       2.43930295e-001, 6.44698292e-002, 4.49654236e-002,
       6.05381764e-002, 6.10238649e-002, 4.85280789e-002,
       6.55682832e-002, 2.23104775e-001, 2.24034861e-001,
       6.56409860e-002, 4.41042483e-002, 5.83710931e-002,
       6.54319599e-002, 5.28990887e-002, 7.16250315e-002,
       2.44645819e-001, 2.45646551e-001, 6.99541420e-002,
       4.80939820e-002, 6.36408478e-002, 6.65966123e-002,
       5.37613146e-002, 7.28888810e-002, 2.18893602e-001,
       2.19198629e-001, 7.09269419e-002, 5.00790924e-002,
       6.30908981e-002, 5.25484197e-002, 4.95473444e-002,
       8.16321820e-002, 2.64241308e-001, 2.64435202e-001,
       7.95943737e-002, 4.70047630e-002, 5.05623855e-002,
       6.89514056e-002, 5.75588979e-002, 7.77863041e-002,
       2.24249631e-001, 2.24926442e-001, 7.47742876e-002,
       5.28389588e-002, 6.62689060e-002, 5.46359979e-002,
       5.15475683e-002, 8.45251977e-002, 2.65510201e-001,
       2.65450954e-001, 8.48111063e-002, 5.00345305e-002,
       5.34854680e-002, 5.73412217e-002, 5.93200251e-002,
       7.71241114e-002, 2.14235097e-001, 2.09062904e-001,
       6.54315352e-002, 4.60304432e-002, 5.11073172e-002,
       6.79313242e-002, 6.92843422e-002, 9.20493677e-002,
       2.38491252e-001, 2.35296503e-001, 7.11667538e-002,
       5.04980832e-002, 5.84763288e-002, 5.69534525e-002,
       5.46622127e-002, 7.74132013e-002, 2.25707710e-001,
       2.20183223e-001, 6.69113547e-002, 4.57037725e-002,
       5.18395081e-002, 6.96472526e-002, 6.37852475e-002,
       8.52155834e-002, 2.49254018e-001, 2.45350391e-001,
       7.36053139e-002, 5.13394400e-002, 6.03201836e-002,
       7.19482005e-002, 6.61305562e-002, 7.56542459e-002,
       2.15409860e-001, 2.20991626e-001, 7.76094347e-002,
       5.59516773e-002, 6.55662492e-002, 6.21776916e-002,
       5.42729348e-002, 8.07918236e-002, 2.44647816e-001,
       2.46761903e-001, 8.58125836e-002, 5.53478375e-002,
       6.18244484e-002, 7.18611702e-002, 6.00943342e-002,
       7.99328014e-002, 2.24883497e-001, 2.28211939e-001,
       8.33278522e-002, 5.88824637e-002, 6.94183409e-002,
       6.00307360e-002, 5.51900864e-002, 8.88585374e-002,
       2.56363302e-001, 2.56279498e-001, 8.67331624e-002,
       5.36896028e-002, 5.99440336e-002, 4.94965799e-002,
       4.33571935e-002, 6.25903904e-002, 2.23321840e-001,
       2.28130952e-001, 7.15527907e-002, 4.09947149e-002,
       4.57221977e-002, 6.15489259e-002, 5.12129366e-002,
       7.39992410e-002, 2.45781317e-001, 2.48048306e-001,
       7.79802501e-002, 4.94889393e-002, 5.93432672e-002,
       5.25051393e-002, 4.62616831e-002, 6.59835711e-002,
       2.23102883e-001, 2.29102150e-001, 7.97476694e-002,
       4.87666614e-002, 4.97867018e-002, 6.49628714e-002,
       5.57267554e-002, 7.98422694e-002, 2.48342693e-001,
       2.49939427e-001, 9.34330150e-002, 5.88701218e-002,
       6.25845417e-002, 6.49012998e-002, 5.51568344e-002,
       7.92431012e-002, 2.28001282e-001, 2.26517275e-001,
       7.16832355e-002, 4.95935306e-002, 6.08664118e-002,
       5.00463657e-002, 4.91379425e-002, 8.25103074e-002,
       2.57887214e-001, 2.58037537e-001, 8.13726038e-002,
       4.73135710e-002, 4.86405157e-002, 6.65587410e-002,
       5.81576712e-002, 8.39930177e-002, 2.32924700e-001,
       2.29374364e-001, 7.65617043e-002, 5.98434173e-002,
       6.61567599e-002, 5.77125847e-002, 5.71317002e-002,
       9.50013921e-002, 2.55338877e-001, 2.52845883e-001,
       8.53051543e-002, 5.21290936e-002, 5.55839166e-002,
       5.99804856e-002, 4.62795720e-002, 6.41287714e-002,
       2.21634611e-001, 2.20777735e-001, 6.11026362e-002,
       4.22452241e-002, 5.60787506e-002, 6.52038902e-002,
       5.14839664e-002, 6.87502176e-002, 2.43454337e-001,
       2.43930295e-001, 6.44698292e-002, 4.49654236e-002,
       6.05381764e-002, 6.10238649e-002, 4.85280789e-002,
       6.55682832e-002, 2.23104775e-001, 2.24034861e-001,
       6.56409860e-002, 4.41042483e-002, 5.83710931e-002,
       6.54319599e-002, 5.28990887e-002, 7.16250315e-002,
       2.44645819e-001, 2.45646551e-001, 6.99541420e-002,
       4.80939820e-002, 6.36408478e-002, 6.65966123e-002,
       5.37613146e-002, 7.28888810e-002, 2.18893602e-001,
       2.19198629e-001, 7.09269419e-002, 5.00790924e-002,
       6.30908981e-002, 5.25484197e-002, 4.95473444e-002,
       8.16321820e-002, 2.64241308e-001, 2.64435202e-001,
       7.95943737e-002, 4.70047630e-002, 5.05623855e-002,
       6.89514056e-002, 5.75588979e-002, 7.77863041e-002,
       2.24249631e-001, 2.24926442e-001, 7.47742876e-002,
       5.28389588e-002, 6.62689060e-002, 5.46359979e-002,
       5.15475683e-002, 8.45251977e-002, 2.65510201e-001,
       2.65450954e-001, 8.48111063e-002, 5.00345305e-002,
       5.34854680e-002, 6.29845485e-002, 5.46147451e-002,
       7.16869459e-002, 2.07507074e-001, 2.14300871e-001,
       8.59100521e-002, 6.12908751e-002, 6.31639659e-002,
       7.12100938e-002, 6.05792403e-002, 8.08869153e-002,
       2.17916980e-001, 2.29196087e-001, 1.00244246e-001,
       8.02292302e-002, 7.73651898e-002, 7.94957653e-002,
       6.56129569e-002, 7.97552988e-002, 2.00624123e-001,
       2.06081778e-001, 9.16445404e-002, 7.36403614e-002,
       8.39459226e-002, 8.63815770e-002, 6.83569610e-002,
       8.32412168e-002, 2.04195216e-001, 2.11107031e-001,
       1.02126531e-001, 9.12187696e-002, 9.79013592e-002,
       6.91074431e-002, 5.91685101e-002, 8.29170123e-002,
       2.09390894e-001, 2.00942650e-001, 6.96425587e-002,
       6.95166066e-002, 7.90626481e-002, 6.47169203e-002,
       6.93579763e-002, 1.05066925e-001, 2.37511486e-001,
       2.32738689e-001, 7.79230669e-002, 5.14557734e-002,
       6.06843680e-002, 9.87311006e-002, 7.93139115e-002,
       9.74401087e-002, 2.05893725e-001, 1.97390005e-001,
       7.78190121e-002, 7.67203867e-002, 1.00207098e-001,
       9.38918218e-002, 9.74244699e-002, 1.29465148e-001,
       2.40909711e-001, 2.23290846e-001, 9.19295475e-002,
       6.25645667e-002, 8.07805136e-002, 4.94965799e-002,
       4.33571935e-002, 6.25903904e-002, 2.23321840e-001,
       2.28130952e-001, 7.15527907e-002, 4.09947149e-002,
       4.57221977e-002, 6.15489259e-002, 5.12129366e-002,
       7.39992410e-002, 2.45781317e-001, 2.48048306e-001,
       7.79802501e-002, 4.94889393e-002, 5.93432672e-002,
       5.25051393e-002, 4.62616831e-002, 6.59835711e-002,
       2.23102883e-001, 2.29102150e-001, 7.97476694e-002,
       4.87666614e-002, 4.97867018e-002, 6.49628714e-002,
       5.57267554e-002, 7.98422694e-002, 2.48342693e-001,
       2.49939427e-001, 9.34330150e-002, 5.88701218e-002,
       6.25845417e-002, 6.49012998e-002, 5.51568344e-002,
       7.92431012e-002, 2.28001282e-001, 2.26517275e-001,
       7.16832355e-002, 4.95935306e-002, 6.08664118e-002,
       5.00463657e-002, 4.91379425e-002, 8.25103074e-002,
       2.57887214e-001, 2.58037537e-001, 8.13726038e-002,
       4.73135710e-002, 4.86405157e-002, 6.65587410e-002,
       5.81576712e-002, 8.39930177e-002, 2.32924700e-001,
       2.29374364e-001, 7.65617043e-002, 5.98434173e-002,
       6.61567599e-002, 5.77125847e-002, 5.71317002e-002,
       9.50013921e-002, 2.55338877e-001, 2.52845883e-001,
       8.53051543e-002, 5.21290936e-002, 5.55839166e-002,
       1.28545493e-001, 8.00250173e-002, 7.83241019e-002,
       1.47769690e-001, 1.59149230e-001, 1.02182619e-001,
       1.03128843e-001, 1.42456949e-001, 1.37768507e-001,
       8.44581798e-002, 8.23099390e-002, 1.54676542e-001,
       1.65787101e-001, 1.07335337e-001, 1.05186485e-001,
       1.50276124e-001, 1.32915810e-001, 8.30966383e-002,
       7.67911747e-002, 1.33650452e-001, 1.51231930e-001,
       1.06752753e-001, 1.05448909e-001, 1.45735741e-001,
       1.39431655e-001, 8.76765326e-002, 8.03432763e-002,
       1.35965839e-001, 1.52479261e-001, 1.11044385e-001,
       1.06175341e-001, 1.49195120e-001, 1.48088291e-001,
       1.02144130e-001, 1.06564783e-001, 1.76532447e-001,
       1.77645579e-001, 1.03667989e-001, 8.94921571e-002,
       1.38442472e-001, 1.34771660e-001, 1.07382618e-001,
       1.21543199e-001, 1.94482014e-001, 1.94344088e-001,
       1.04947142e-001, 7.99467191e-002, 1.13084748e-001,
       1.38234496e-001, 9.24720615e-002, 8.86831209e-002,
       1.43427849e-001, 1.49035648e-001, 1.05289891e-001,
       9.18279961e-002, 1.30780026e-001, 1.27980947e-001,
       9.45245251e-002, 9.60923731e-002, 1.61732242e-001,
       1.64116308e-001, 1.05700657e-001, 8.34787712e-002,
       1.11757465e-001, 1.28556073e-001, 9.53598693e-002,
       1.01304673e-001, 1.30655959e-001, 1.25231877e-001,
       8.74596015e-002, 8.71909037e-002, 1.20086804e-001,
       1.35844737e-001, 1.05158851e-001, 1.11890964e-001,
       1.39601916e-001, 1.33215144e-001, 9.39876735e-002,
       9.53445137e-002, 1.31600276e-001, 1.43080726e-001,
       1.08727768e-001, 1.09674230e-001, 1.59624770e-001,
       1.56467155e-001, 9.58251283e-002, 8.98354575e-002,
       1.28295615e-001, 1.54049754e-001, 1.14134796e-001,
       1.19203083e-001, 1.71215624e-001, 1.70345753e-001,
       1.14848360e-001, 1.06909409e-001, 1.47324964e-001,
       1.12925462e-001, 9.98195931e-002, 1.12169184e-001,
       1.57022208e-001, 1.60681114e-001, 1.05480954e-001,
       1.00072913e-001, 1.23358734e-001, 9.04042274e-002,
       8.34363103e-002, 9.40762311e-002, 1.33446291e-001,
       1.42213628e-001, 8.84033665e-002, 7.75994509e-002,
       9.61640105e-002, 1.25104651e-001, 1.06261097e-001,
       1.29263625e-001, 2.01088235e-001, 2.02517226e-001,
       1.41242176e-001, 1.22016355e-001, 1.38274163e-001,
       1.00024611e-001, 8.37919191e-002, 1.00462034e-001,
       1.90024287e-001, 1.93093523e-001, 1.16069458e-001,
       9.59864110e-002, 1.10200450e-001, 6.92308247e-002,
       7.21346512e-002, 9.28672031e-002, 2.34591797e-001,
       2.33713105e-001, 7.00315014e-002, 4.96011935e-002,
       5.89698777e-002, 7.59131014e-002, 7.49675035e-002,
       8.22590888e-002, 2.06274703e-001, 2.05248073e-001,
       7.68427700e-002, 5.65330870e-002, 6.69238344e-002,
       7.11012408e-002, 6.31128848e-002, 8.36678818e-002,
       2.44116798e-001, 2.41833612e-001, 7.28792325e-002,
       5.08080833e-002, 6.14830256e-002, 7.66326860e-002,
       6.46100640e-002, 8.28320980e-002, 2.14536905e-001,
       2.16833204e-001, 8.24473426e-002, 5.98619170e-002,
       7.17754960e-002, 5.67196198e-002, 4.74212542e-002,
       6.98210746e-002, 2.36590132e-001, 2.38437891e-001,
       7.33065754e-002, 4.79804501e-002, 5.69283180e-002,
       5.83410822e-002, 4.40290794e-002, 6.29096925e-002,
       2.39133194e-001, 2.42037222e-001, 7.02420771e-002,
       4.51294109e-002, 5.79544529e-002, 6.85993358e-002,
       5.89142814e-002, 8.74893516e-002, 2.50735253e-001,
       2.49082997e-001, 8.05958882e-002, 5.14884554e-002,
       6.33810684e-002, 8.74240696e-002, 6.27990067e-002,
       8.94769132e-002, 2.54694074e-001, 2.55211413e-001,
       1.01473905e-001, 6.79186136e-002, 8.69203508e-002,
       9.74820629e-002, 9.86340344e-002, 9.88504365e-002,
       1.88475192e-001, 1.88501090e-001, 8.72016102e-002,
       6.58399761e-002, 7.81189203e-002, 1.13633335e-001,
       9.81112793e-002, 9.06457826e-002, 1.79331273e-001,
       1.85081556e-001, 9.61490348e-002, 7.68002272e-002,
       9.25903991e-002, 9.10971537e-002, 1.00468829e-001,
       1.10751450e-001, 2.13021204e-001, 2.04015926e-001,
       8.76771882e-002, 6.24900237e-002, 6.98914155e-002,
       1.05483592e-001, 9.88662913e-002, 9.60080028e-002,
       1.92068443e-001, 1.93671718e-001, 8.98558199e-002,
       6.66377395e-002, 7.74526596e-002, 7.11099282e-002,
       6.35516644e-002, 8.90416279e-002, 2.15506688e-001,
       2.27984712e-001, 1.16264984e-001, 9.11629871e-002,
       8.32955316e-002, 6.28531277e-002, 5.45780808e-002,
       7.72828907e-002, 2.19496429e-001, 2.26137593e-001,
       8.98780525e-002, 7.02797845e-002, 7.38893077e-002,
       6.68208078e-002, 6.03586584e-002, 8.62031132e-002,
       2.32297301e-001, 2.35052124e-001, 1.05804510e-001,
       7.55632594e-002, 7.34726712e-002, 6.33593649e-002,
       5.16464338e-002, 7.59436935e-002, 2.36461669e-001,
       2.39624947e-001, 9.04877409e-002, 6.37214407e-002,
       6.99169040e-002, 6.81930929e-002, 5.33980988e-002,
       7.07554147e-002, 2.41563737e-001, 2.42862612e-001,
       6.82012588e-002, 4.66841236e-002, 6.25023916e-002,
       7.41680637e-002, 5.84903657e-002, 7.63903260e-002,
       2.12482616e-001, 2.14674339e-001, 7.50181749e-002,
       5.40196523e-002, 6.93788454e-002, 6.78995997e-002,
       5.48816398e-002, 7.44153634e-002, 2.43808612e-001,
       2.44427457e-001, 7.40122870e-002, 4.98573408e-002,
       6.58296794e-002, 7.46497139e-002, 6.18596300e-002,
       8.15994963e-002, 2.16408387e-001, 2.19915107e-001,
       7.92507306e-002, 5.65449372e-002, 7.22481459e-002,
       4.21393663e-002, 4.46723811e-002, 7.74029866e-002,
       2.50123858e-001, 2.51067936e-001, 7.49182850e-002,
       4.07063253e-002, 3.91587205e-002, 5.14792278e-002,
       5.51393405e-002, 1.02997370e-001, 2.59052128e-001,
       2.59196728e-001, 1.02498583e-001, 5.40890358e-002,
       5.00034653e-002, 4.32925299e-002, 4.55142520e-002,
       8.08240473e-002, 2.53648490e-001, 2.52482265e-001,
       7.77682066e-002, 4.41450961e-002, 4.33277115e-002,
       5.73714525e-002, 6.29208088e-002, 1.16030738e-001,
       2.59866327e-001, 2.59722799e-001, 1.00080483e-001,
       5.44935092e-002, 5.44809997e-002, 6.92308247e-002,
       7.21346512e-002, 9.28672031e-002, 2.34591797e-001,
       2.33713105e-001, 7.00315014e-002, 4.96011935e-002,
       5.89698777e-002, 7.59131014e-002, 7.49675035e-002,
       8.22590888e-002, 2.06274703e-001, 2.05248073e-001,
       7.68427700e-002, 5.65330870e-002, 6.69238344e-002,
       7.11012408e-002, 6.31128848e-002, 8.36678818e-002,
       2.44116798e-001, 2.41833612e-001, 7.28792325e-002,
       5.08080833e-002, 6.14830256e-002, 7.66326860e-002,
       6.46100640e-002, 8.28320980e-002, 2.14536905e-001,
       2.16833204e-001, 8.24473426e-002, 5.98619170e-002,
       7.17754960e-002, 5.67196198e-002, 4.74212542e-002,
       6.98210746e-002, 2.36590132e-001, 2.38437891e-001,
       7.33065754e-002, 4.79804501e-002, 5.69283180e-002,
       5.83410822e-002, 4.40290794e-002, 6.29096925e-002,
       2.39133194e-001, 2.42037222e-001, 7.02420771e-002,
       4.51294109e-002, 5.79544529e-002, 6.85993358e-002,
       5.89142814e-002, 8.74893516e-002, 2.50735253e-001,
       2.49082997e-001, 8.05958882e-002, 5.14884554e-002,
       6.33810684e-002, 8.74240696e-002, 6.27990067e-002,
       8.94769132e-002, 2.54694074e-001, 2.55211413e-001,
       1.01473905e-001, 6.79186136e-002, 8.69203508e-002,
       6.43268302e-002, 5.13884686e-002, 7.39210173e-002,
       2.42727652e-001, 2.43936613e-001, 7.63098449e-002,
       4.91870120e-002, 6.11449741e-002, 7.00562149e-002,
       5.73965609e-002, 7.96090737e-002, 2.18731374e-001,
       2.17988253e-001, 7.54762962e-002, 5.26355319e-002,
       6.65302500e-002, 6.56941012e-002, 5.47617003e-002,
       7.88487867e-002, 2.45855898e-001, 2.44537219e-001,
       9.14151445e-002, 6.15929663e-002, 6.41434267e-002,
       7.07409382e-002, 5.93207441e-002, 8.30990896e-002,
       2.18611926e-001, 2.20403686e-001, 8.19368735e-002,
       6.63333610e-002, 7.11557791e-002, 5.49713187e-002,
       4.72144745e-002, 7.63512328e-002, 2.48851806e-001,
       2.51446038e-001, 8.07211623e-002, 5.08320108e-002,
       5.81700914e-002, 8.54355544e-002, 6.45565242e-002,
       9.47487652e-002, 2.58219868e-001, 2.57638007e-001,
       8.25318769e-002, 5.59620038e-002, 8.11094865e-002,
       5.22581041e-002, 4.84726503e-002, 7.90293440e-002,
       2.45486304e-001, 2.44229928e-001, 7.20931739e-002,
       4.41860296e-002, 5.01774736e-002, 5.84803708e-002,
       4.46443520e-002, 7.02663660e-002, 2.52687842e-001,
       2.50776768e-001, 6.18932359e-002, 3.97616811e-002,
       5.60907274e-002, 6.81930929e-002, 5.33980988e-002,
       7.07554147e-002, 2.41563737e-001, 2.42862612e-001,
       6.82012588e-002, 4.66841236e-002, 6.25023916e-002,
       7.41680637e-002, 5.84903657e-002, 7.63903260e-002,
       2.12482616e-001, 2.14674339e-001, 7.50181749e-002,
       5.40196523e-002, 6.93788454e-002, 6.78995997e-002,
       5.48816398e-002, 7.44153634e-002, 2.43808612e-001,
       2.44427457e-001, 7.40122870e-002, 4.98573408e-002,
       6.58296794e-002, 7.46497139e-002, 6.18596300e-002,
       8.15994963e-002, 2.16408387e-001, 2.19915107e-001,
       7.92507306e-002, 5.65449372e-002, 7.22481459e-002,
       4.21393663e-002, 4.46723811e-002, 7.74029866e-002,
       2.50123858e-001, 2.51067936e-001, 7.49182850e-002,
       4.07063253e-002, 3.91587205e-002, 5.14792278e-002,
       5.51393405e-002, 1.02997370e-001, 2.59052128e-001,
       2.59196728e-001, 1.02498583e-001, 5.40890358e-002,
       5.00034653e-002, 4.32925299e-002, 4.55142520e-002,
       8.08240473e-002, 2.53648490e-001, 2.52482265e-001,
       7.77682066e-002, 4.41450961e-002, 4.33277115e-002,
       5.73714525e-002, 6.29208088e-002, 1.16030738e-001,
       2.59866327e-001, 2.59722799e-001, 1.00080483e-001,
       5.44935092e-002, 5.44809997e-002, 6.87240884e-002,
       5.68973422e-002, 7.92886168e-002, 2.11143449e-001,
       2.19991699e-001, 9.55556333e-002, 8.05882141e-002,
       7.78382197e-002, 7.33773783e-002, 6.15014993e-002,
       8.45948309e-002, 2.03899756e-001, 1.99641258e-001,
       8.24253857e-002, 7.93654844e-002, 8.93502086e-002,
       8.67729709e-002, 6.65506348e-002, 8.48015249e-002,
       2.02156216e-001, 2.03595266e-001, 9.53132510e-002,
       9.01983827e-002, 9.68615487e-002, 1.01438284e-001,
       8.06420073e-002, 9.91732776e-002, 2.01633111e-001,
       1.94814697e-001, 8.61404315e-002, 8.75762254e-002,
       1.09828122e-001, 6.06680959e-002, 6.74983785e-002,
       9.92180482e-002, 2.38435730e-001, 2.34530360e-001,
       7.44349584e-002, 4.48708422e-002, 5.01450822e-002,
       5.88160194e-002, 5.47806062e-002, 7.98042268e-002,
       2.47806489e-001, 2.46055782e-001, 6.42671064e-002,
       3.78543772e-002, 4.87376526e-002, 8.39707404e-002,
       9.26719680e-002, 1.22440204e-001, 2.44945765e-001,
       2.30444431e-001, 8.67895260e-002, 5.50294481e-002,
       6.46401346e-002, 7.35467449e-002, 7.23321587e-002,
       9.15879384e-002, 2.43316427e-001, 2.37288222e-001,
       7.37679154e-002, 4.50746454e-002, 5.57000041e-002,
       6.43268302e-002, 5.13884686e-002, 7.39210173e-002,
       2.42727652e-001, 2.43936613e-001, 7.63098449e-002,
       4.91870120e-002, 6.11449741e-002, 7.00562149e-002,
       5.73965609e-002, 7.96090737e-002, 2.18731374e-001,
       2.17988253e-001, 7.54762962e-002, 5.26355319e-002,
       6.65302500e-002, 6.56941012e-002, 5.47617003e-002,
       7.88487867e-002, 2.45855898e-001, 2.44537219e-001,
       9.14151445e-002, 6.15929663e-002, 6.41434267e-002,
       7.07409382e-002, 5.93207441e-002, 8.30990896e-002,
       2.18611926e-001, 2.20403686e-001, 8.19368735e-002,
       6.63333610e-002, 7.11557791e-002, 5.49713187e-002,
       4.72144745e-002, 7.63512328e-002, 2.48851806e-001,
       2.51446038e-001, 8.07211623e-002, 5.08320108e-002,
       5.81700914e-002, 8.54355544e-002, 6.45565242e-002,
       9.47487652e-002, 2.58219868e-001, 2.57638007e-001,
       8.25318769e-002, 5.59620038e-002, 8.11094865e-002,
       5.22581041e-002, 4.84726503e-002, 7.90293440e-002,
       2.45486304e-001, 2.44229928e-001, 7.20931739e-002,
       4.41860296e-002, 5.01774736e-002, 5.84803708e-002,
       4.46443520e-002, 7.02663660e-002, 2.52687842e-001,
       2.50776768e-001, 6.18932359e-002, 3.97616811e-002,
       5.60907274e-002, 1.31517261e-001, 8.15606639e-002,
       8.16786811e-002, 1.56473845e-001, 1.65057570e-001,
       1.00940987e-001, 9.65255499e-002, 1.42240375e-001,
       1.53179869e-001, 1.01901680e-001, 1.05554380e-001,
       1.75357580e-001, 1.74759179e-001, 1.07388221e-001,
       9.77309942e-002, 1.48832411e-001, 1.30437762e-001,
       8.29459876e-002, 7.71600232e-002, 1.32070646e-001,
       1.45159066e-001, 1.04256257e-001, 9.60356072e-002,
       1.38057083e-001, 1.44427568e-001, 9.48002711e-002,
       8.98780525e-002, 1.45124644e-001, 1.53432950e-001,
       1.12446994e-001, 1.01611800e-001, 1.42728224e-001,
       1.35228664e-001, 1.16334066e-001, 1.34202406e-001,
       2.09404930e-001, 2.09583342e-001, 1.18473887e-001,
       8.73748064e-002, 1.11603893e-001, 1.01185009e-001,
       9.00654197e-002, 1.09115064e-001, 1.99808970e-001,
       1.98262498e-001, 9.04680565e-002, 6.54945672e-002,
       8.46518204e-002, 1.32108331e-001, 1.02966107e-001,
       1.06668942e-001, 1.77951559e-001, 1.78257883e-001,
       1.14018738e-001, 8.99396986e-002, 1.12054661e-001,
       1.02955647e-001, 8.40161145e-002, 9.35206488e-002,
       1.57358199e-001, 1.54328167e-001, 9.62226391e-002,
       7.29139447e-002, 8.92396495e-002 ]
